date time lat lon depth ML nstn dmin gap trms ERH ERZ fixed nph quality
2021-09-14 17:52:59.16 24.0788 121.9035 44.26 2.65 99 29.80 45 0.32 0.20 0.20 F 201 B
2021-09-15 08:30:36.15 23.6185 121.5423 26.84 2.26 36 9.90 134 0.32 0.30 0.30 F 65 C
2021-09-16 01:42:20.22 23.9250 121.4848 15.18 2.24 34 4.60 52 0.27 0.20 0.30 F 68 B
2021-09-16 02:21:12.17 24.2668 121.7015 5.88 1.80 20 6.60 154 0.37 0.50 0.40 F 40 C
2021-09-16 02:51:42.93 24.2605 121.9845 47.88 3.08 84 22.80 45 0.38 0.20 0.30 F 157 B
2021-09-16 09:51:17.95 23.8072 121.5368 49.47 3.79 99 3.40 29 0.41 0.20 0.20 F 226 B
2021-09-16 21:58:53.36 24.2075 121.7452 43.53 2.55 72 11.10 52 0.29 0.20 0.20 F 135 B
2021-09-17 05:04:19.14 23.7670 121.6990 44.23 2.32 30 14.10 145 0.34 0.40 0.40 F 60 C
2021-09-17 06:40:13.57 23.8795 121.4417 18.41 2.44 58 7.50 40 0.33 0.20 0.20 F 116 B
2021-09-17 07:50:06.74 23.9033 121.8065 43.73 2.25 29 27.90 131 0.34 0.70 1.10 F 58 B
2021-09-17 08:34:55.80 23.5602 121.5772 33.90 2.34 38 16.60 95 0.36 0.40 0.40 F 68 C
2021-09-17 09:13:37.41 24.1270 121.7073 7.48 3.20 77 9.30 84 0.31 0.20 0.20 F 113 C
2021-09-17 11:40:06.40 23.7457 121.6543 36.76 3.45 99 10.40 59 0.31 0.20 0.20 F 204 B
2021-09-17 16:25:28.08 23.7775 121.4767 7.74 2.52 87 5.20 35 0.37 0.10 0.10 F 165 B
2021-09-17 20:50:51.95 24.2508 121.8188 18.34 2.18 43 9.50 89 0.30 0.30 0.20 F 76 B
2021-09-18 00:20:42.59 23.7248 121.7888 33.66 2.88 66 24.10 71 0.37 0.30 0.30 F 116 B
2021-09-18 16:30:42.25 23.8533 121.5985 24.82 2.70 85 5.60 68 0.31 0.20 0.10 F 157 B
2021-09-19 18:32:34.17 24.1183 121.4752 1.92 0.87 11 9.80 68 0.36 0.70 1.20 F 19 C
2021-09-20 03:01:53.99 23.6602 121.5833 31.32 2.68 61 6.40 76 0.31 0.30 0.30 F 109 B
2021-09-20 04:58:08.78 24.1848 121.7688 25.35 2.99 90 13.70 46 0.32 0.20 0.10 F 173 B
2021-09-20 07:05:58.78 24.0415 121.4943 20.61 1.99 27 8.40 53 0.31 0.40 0.50 F 54 B
2021-09-20 12:08:36.71 24.0782 121.2748 6.28 2.55 69 7.20 32 0.31 0.20 0.20 F 112 C
2021-09-21 04:18:09.71 24.2907 121.8633 34.73 2.27 35 11.80 77 0.51 0.50 0.60 F 60 C
2021-09-21 21:24:30.50 23.8518 121.7697 48.61 3.16 84 18.00 65 0.32 0.30 0.30 F 146 B
2021-09-21 23:42:35.27 24.2508 121.7975 22.88 2.46 33 10.50 82 0.35 0.60 1.00 F 63 A
2021-09-22 00:43:21.26 24.2402 121.8243 23.96 2.39 42 13.10 67 0.34 0.20 0.30 F 78 B
2021-09-23 04:20:20.74 23.7188 121.3923 15.01 3.49 96 6.60 43 0.32 0.10 0.10 F 174 B
2021-09-23 07:22:56.75 24.0528 121.3725 69.19 3.50 91 14.30 20 0.43 0.20 0.30 F 182 B
2021-09-23 09:28:01.28 23.8113 121.5102 9.03 3.51 92 6.00 50 0.35 0.20 0.20 F 140 B
2021-09-23 15:43:36.84 23.9015 121.4482 17.12 2.72 62 8.40 47 0.29 0.20 0.20 F 103 B
2021-09-23 17:41:05.67 23.8363 121.4363 18.83 3.20 91 2.80 34 0.31 0.10 0.10 F 154 B
2021-09-24 05:35:43.04 23.7953 121.4258 16.89 2.38 26 2.40 55 0.48 0.80 0.90 F 51 A
2021-09-24 13:34:51.68 23.9785 121.9028 41.07 2.36 55 31.70 61 0.43 0.30 0.50 F 110 B
2021-09-24 17:33:37.13 23.8383 121.4318 16.73 2.48 55 3.10 51 0.29 0.20 0.20 F 96 B
2021-09-24 17:45:22.93 24.1327 121.8133 46.52 2.45 57 19.60 58 0.27 0.30 0.30 F 108 B
2021-09-24 22:28:44.75 23.9263 121.5937 39.15 2.96 99 2.70 44 0.32 0.20 0.20 F 189 B
2021-09-24 22:40:39.22 23.8038 121.7225 3.45 1.55 21 16.40 223 0.29 0.30 0.30 F 40 C
2021-09-25 10:18:37.69 24.1972 121.5818 21.20 2.63 64 2.90 28 0.36 0.20 0.20 F 128 B
2021-09-25 12:24:38.98 23.8415 121.4312 15.94 2.31 50 3.40 53 0.30 0.20 0.20 F 83 B
2021-09-25 13:52:07.23 23.5612 121.5127 45.50 2.01 25 11.80 150 0.30 0.70 0.40 F 49 C
2021-09-25 15:10:11.66 23.5585 121.7397 29.65 2.34 63 25.70 81 0.35 0.40 0.50 F 119 B
2021-09-26 02:06:35.30 24.2773 121.6770 5.23 1.72 13 6.30 149 0.32 0.40 0.20 F 26 C
2021-09-26 06:43:37.81 23.7707 121.7677 43.85 2.46 26 21.00 147 0.27 0.60 0.50 F 46 C
2021-09-26 12:59:41.17 23.8982 121.4715 15.76 2.48 55 7.80 56 0.30 0.20 0.20 F 100 B
2021-09-26 19:46:18.13 23.7695 121.9483 40.57 2.22 44 38.30 94 0.40 0.40 0.90 F 69 C
2021-09-26 21:17:02.84 23.6355 121.6713 45.98 3.09 75 15.00 78 0.31 0.30 0.30 F 119 B
2021-09-27 02:41:22.82 23.7130 121.4567 8.11 1.78 22 5.70 153 0.32 0.30 0.30 F 39 C
2021-09-27 03:29:01.96 24.2568 121.6913 6.68 1.67 28 8.40 122 0.27 0.70 0.50 F 41 B
2021-09-27 03:30:34.47 24.1420 121.6192 4.74 1.73 16 1.80 167 0.31 0.70 0.70 F 27 C
2021-09-27 03:47:37.20 23.6458 121.5608 21.87 1.42 13 13.80 214 0.22 0.70 0.70 F 21 C
2021-09-27 04:00:00.60 23.8730 121.6867 33.12 1.43 27 9.30 93 0.31 0.90 0.70 F 38 B
2021-09-27 07:18:54.17 23.8182 121.4700 7.94 1.35 12 3.00 84 0.43 1.20 0.80 F 20 A
2021-09-27 08:33:22.58 24.1427 121.6158 5.33 1.70 20 1.90 163 0.33 0.70 0.60 F 36 C
2021-09-27 08:36:37.00 24.0390 121.5063 16.08 1.64 13 8.30 58 0.33 0.80 1.20 F 23 A
2021-09-27 09:15:58.87 23.8110 121.7367 42.92 2.45 56 17.10 69 0.32 0.40 0.40 F 102 B
2021-09-27 09:52:30.14 23.8043 121.4518 11.97 1.55 15 1.40 90 0.26 0.70 0.50 F 21 A
2021-09-27 11:07:17.25 24.0427 121.5315 58.93 2.71 64 8.60 62 0.28 0.30 0.30 F 122 B
2021-09-27 11:41:36.54 23.7870 121.4558 8.72 1.47 14 3.10 108 0.33 0.80 0.50 F 19 B
2021-09-27 12:33:05.50 23.8060 121.4157 6.32 1.10 11 2.70 107 0.26 1.00 0.50 F 16 B
2021-09-27 13:54:33.92 23.8142 121.4072 13.11 0.54 10 3.50 78 0.18 1.30 0.90 F 12 A
2021-09-27 14:00:59.55 23.5802 121.4627 32.56 2.05 28 10.50 158 0.39 1.20 0.70 F 47 C
2021-09-27 14:20:27.34 23.8452 121.3842 6.02 1.00 12 6.90 67 0.21 0.90 1.60 F 16 B
2021-09-27 15:07:15.56 23.7613 121.3975 19.83 1.41 14 5.00 83 0.34 1.10 1.00 F 25 A
2021-09-27 15:16:30.24 23.8837 121.4242 15.56 1.42 25 8.10 50 0.34 0.60 0.70 F 44 A
2021-09-27 15:43:02.31 23.8487 121.4358 16.81 1.77 38 4.10 83 0.26 0.30 0.30 F 67 B
2021-09-27 15:57:59.69 23.8360 121.4208 17.20 1.46 20 3.40 83 0.36 0.90 0.90 F 34 A
2021-09-27 17:55:14.65 24.1135 121.4695 3.07 1.25 16 10.40 68 0.36 0.30 0.50 F 26 C
2021-09-27 17:59:45.50 23.9795 121.5450 11.66 2.31 58 5.50 66 0.28 0.20 0.20 F 89 B
2021-09-27 18:11:33.23 23.6140 121.6587 51.75 2.30 28 21.50 150 0.39 1.50 1.20 F 41 C
2021-09-27 18:17:11.76 23.7702 121.4493 6.50 0.44 11 4.70 77 0.15 0.60 0.50 F 14 A
2021-09-27 18:52:27.51 23.7628 121.7673 33.19 1.56 24 21.00 135 0.29 0.80 0.60 F 36 C
2021-09-27 19:16:12.15 23.8703 121.4422 17.69 1.02 11 6.50 145 0.31 1.70 1.70 F 15 C
2021-09-27 21:02:13.21 23.9473 121.5797 18.44 1.34 20 9.10 109 0.34 0.80 1.00 F 38 B
2021-09-27 22:13:30.14 24.1760 121.5577 23.82 1.71 17 3.80 55 0.37 1.00 0.70 F 32 A
2021-09-28 03:01:17.88 23.7752 121.4898 11.26 1.19 5 6.40 159 0.24 0.90 1.20 F 10 D
2021-09-28 04:03:08.46 23.8385 121.4227 17.05 2.41 44 3.50 65 0.26 0.20 0.30 F 80 B
2021-09-28 09:19:36.25 23.8597 121.4335 15.65 2.66 56 5.40 40 0.31 0.20 0.20 F 94 B
2021-09-29 01:48:54.75 23.7695 121.5192 9.93 2.53 39 4.80 78 0.32 0.20 0.20 F 74 B
2021-09-29 11:18:10.30 23.7092 121.8145 24.29 2.30 51 27.10 82 0.40 0.40 0.50 F 90 C
2021-09-30 02:40:00.55 24.0245 121.6625 34.10 2.34 32 7.40 95 0.38 0.50 0.50 F 53 C
2021-09-30 17:15:16.29 23.5040 121.5408 34.09 3.09 99 12.00 35 0.29 0.20 0.20 F 184 B
2021-10-01 06:25:44.23 23.8123 121.6913 40.47 2.22 26 13.40 96 0.28 0.40 0.40 F 52 B
2021-10-01 18:56:51.16 24.1277 121.4863 4.82 2.59 99 8.80 31 0.35 0.10 0.20 F 193 C
2021-10-02 02:18:35.48 24.2697 121.7947 3.37 1.95 17 6.30 236 0.38 0.70 0.30 F 23 D
2021-10-03 01:19:55.21 23.8522 121.4380 17.28 2.36 42 4.50 54 0.32 0.30 0.30 F 77 B
2021-10-03 07:56:06.71 23.8887 121.4338 30.76 1.44 17 8.50 56 0.41 0.90 0.80 F 28 B
2021-10-03 09:41:03.91 24.0103 121.4777 20.13 2.75 65 5.20 47 0.26 0.20 0.30 F 111 B
2021-10-03 14:08:19.03 23.5332 121.5708 34.35 3.19 99 15.60 57 0.32 0.20 0.20 F 254 B
2021-10-03 17:19:13.40 24.0907 121.7938 50.95 2.14 45 18.90 98 0.41 0.40 0.40 F 90 C
2021-10-03 23:03:10.90 24.0908 121.5600 14.17 2.95 90 4.70 34 0.40 0.30 0.20 F 167 A
2021-10-04 03:54:05.22 23.8015 121.4713 10.43 1.06 5 3.30 112 0.20 0.70 0.50 F 8 B
2021-10-04 03:58:39.41 24.1727 121.7163 50.69 2.41 38 9.60 80 0.33 0.60 0.50 F 59 B
2021-10-04 04:59:01.81 23.9268 121.7557 51.91 2.22 40 15.40 131 0.36 0.60 0.50 F 63 C
2021-10-04 08:33:48.11 24.1498 121.6438 2.02 1.41 3 2.30 274 0.04 0.40 0.60 F 5 D
2021-10-04 14:59:02.01 23.9985 121.4733 22.49 2.63 58 4.20 53 0.29 0.20 0.30 F 100 B
2021-10-04 21:31:03.36 23.7823 121.4065 23.12 1.98 38 4.80 83 0.37 0.30 0.30 F 69 B
2021-10-05 03:30:11.74 24.2597 121.8853 24.37 1.95 21 23.10 94 0.36 0.70 0.60 F 42 B
2021-10-05 06:48:49.28 23.9648 121.4773 16.20 2.81 50 1.60 47 0.30 0.20 0.30 F 89 B
2021-10-05 16:14:14.28 24.2943 121.9358 30.20 2.18 51 19.00 119 0.28 0.20 0.20 F 91 B
2021-10-05 16:22:09.44 23.9392 121.4627 16.95 1.87 32 4.20 73 0.24 0.20 0.30 F 57 B
2021-10-05 18:42:33.97 23.7835 121.7082 44.94 2.19 35 14.80 130 0.34 0.60 0.60 F 58 C
2021-10-06 13:09:43.66 23.8943 121.5642 19.98 2.27 57 4.00 96 0.32 0.30 0.20 F 104 C
2021-10-06 14:03:06.20 23.5398 121.3473 21.38 1.09 13 4.40 134 0.38 1.70 1.30 F 21 B
2021-10-06 14:47:27.75 24.0305 121.5080 19.11 2.92 96 7.40 27 0.32 0.10 0.20 F 192 B
2021-10-06 15:11:30.43 23.9007 121.4740 16.06 2.75 64 7.40 56 0.34 0.20 0.20 F 112 B
2021-10-06 20:21:43.49 23.9072 121.4558 20.91 4.28 99 7.50 24 0.32 0.10 0.10 F 244 B
2021-10-06 21:41:02.47 23.7550 121.5677 7.07 2.05 23 3.60 183 0.28 0.20 0.20 F 40 C
2021-10-07 03:24:29.03 23.7193 121.6893 35.81 2.56 32 14.50 148 0.25 0.30 0.30 F 60 C
2021-10-07 06:08:45.65 23.9257 121.6650 32.55 3.27 99 6.90 53 0.35 0.20 0.20 F 202 B
2021-10-07 08:43:19.24 24.1353 121.6008 6.53 1.21 7 3.40 132 0.35 1.00 0.60 F 12 C
2021-10-07 12:21:43.09 23.7220 121.9715 30.11 2.27 38 42.70 96 0.48 0.40 1.10 F 64 C
2021-10-07 13:16:28.00 23.5480 121.5492 29.34 2.30 61 14.20 78 0.36 0.20 0.30 F 122 B
2021-10-07 16:42:22.12 24.0423 121.5092 16.04 2.95 77 8.70 26 0.30 0.20 0.30 F 119 B
2021-10-07 20:20:40.61 23.9978 121.8302 51.62 2.50 48 22.20 76 0.31 0.40 0.40 F 80 B
2021-10-07 22:26:52.91 24.0803 121.4102 56.90 2.34 44 6.60 33 0.39 0.30 0.40 F 82 B
2021-10-07 22:27:36.43 23.9487 121.4687 16.71 1.75 19 3.10 99 0.28 0.40 0.60 F 37 B
2021-10-08 11:52:46.69 23.7635 121.8440 43.28 2.07 22 28.80 94 0.44 0.70 1.10 F 31 C
2021-10-08 12:46:45.70 23.9203 121.4487 18.53 3.03 73 6.70 44 0.29 0.20 0.20 F 122 B
2021-10-08 19:22:55.70 24.2207 121.6483 15.99 2.93 90 7.40 56 0.29 0.20 0.20 F 163 B
2021-10-08 19:25:57.98 24.2238 121.7188 48.39 2.30 52 12.10 65 0.31 0.40 0.40 F 87 B
2021-10-09 11:29:05.24 23.8450 121.4348 18.04 2.58 56 3.70 53 0.29 0.20 0.20 F 105 B
2021-10-09 16:26:55.52 23.6852 121.5393 3.35 3.02 83 2.60 93 0.33 0.10 0.10 F 117 C
2021-10-09 19:58:19.43 23.9042 121.4563 15.44 2.53 62 7.70 50 0.30 0.20 0.20 F 116 B
2021-10-09 22:45:10.39 24.1432 121.8342 47.43 3.02 78 21.50 75 0.39 0.50 0.70 F 152 A
2021-10-09 23:51:24.35 24.2780 121.9643 51.59 2.21 26 26.40 85 0.31 0.80 1.10 F 52 A
2021-10-10 06:17:16.84 23.9412 121.6567 33.35 1.55 19 16.40 115 0.32 1.30 0.80 F 29 B
2021-10-10 08:35:13.01 24.1427 121.6062 7.23 1.42 8 2.40 136 0.33 0.50 0.30 F 13 C
2021-10-10 09:17:20.47 24.1332 121.6732 49.96 3.18 99 5.80 54 0.29 0.30 0.30 F 179 B
2021-10-10 16:41:52.97 24.1935 121.5602 54.93 2.40 46 4.10 74 0.33 0.50 0.40 F 76 B
2021-10-10 17:18:53.90 23.7350 121.4773 9.28 1.53 13 7.80 60 0.28 0.40 0.40 F 21 B
2021-10-11 01:14:13.75 24.1922 121.6057 20.75 2.48 35 2.30 112 0.31 0.30 0.40 F 64 C
2021-10-11 02:30:46.59 23.8428 121.5995 25.92 2.11 18 7.20 127 0.17 0.80 0.60 F 28 B
2021-10-11 03:28:33.98 23.5940 121.6400 31.54 2.31 20 15.70 233 0.33 1.50 1.00 F 34 D
2021-10-11 03:28:43.53 24.2980 121.7203 12.25 2.46 13 3.10 131 0.29 0.80 0.50 F 21 B
2021-10-11 03:58:00.36 23.8100 121.5377 27.36 2.35 12 3.60 126 0.24 1.10 0.70 F 19 B
2021-10-11 05:56:23.56 23.7727 121.4897 10.93 2.21 20 6.60 63 0.31 0.60 0.60 F 34 A
2021-10-11 06:01:28.15 23.8315 121.7587 40.79 2.60 26 17.80 90 0.30 0.80 1.40 F 40 A
2021-10-11 06:12:10.76 23.9157 121.4492 16.13 1.99 16 7.10 101 0.31 0.80 0.90 F 29 B
2021-10-11 07:20:34.89 24.2865 121.6822 17.75 2.21 21 5.20 123 0.37 0.90 1.00 F 37 B
2021-10-11 08:30:40.84 24.1393 121.6102 1.75 2.16 17 2.50 141 0.25 0.50 0.40 F 23 C
2021-10-11 08:49:59.70 23.8205 121.7280 18.79 2.57 42 15.80 97 0.40 0.40 0.40 F 66 C
2021-10-11 11:26:23.48 24.1985 121.6160 17.08 2.63 41 3.50 71 0.31 0.30 0.30 F 71 B
2021-10-11 14:04:15.10 24.1300 121.6678 10.58 2.16 15 5.50 200 0.29 0.40 0.30 F 24 C
2021-10-11 14:10:00.23 23.7703 121.5425 8.91 2.82 39 2.80 137 0.33 0.20 0.20 F 78 C
2021-10-11 16:30:15.42 23.6637 121.4085 21.20 2.67 32 2.00 86 0.28 0.40 0.20 F 51 B
2021-10-11 18:13:36.92 23.9160 121.7418 20.80 3.10 84 14.30 55 0.43 0.20 0.20 F 168 B
2021-10-11 18:45:21.67 23.7430 121.9827 32.07 2.81 35 42.70 50 0.26 0.50 0.80 F 46 B
2021-10-11 23:40:03.12 23.7660 121.6913 41.74 3.57 99 13.30 53 0.27 0.20 0.20 F 207 B
2021-10-12 03:30:23.61 23.5587 121.2052 1.50 1.66 14 13.90 59 0.17 0.70 2.00 F 18 C
2021-10-12 16:26:46.00 23.7235 121.3185 11.21 2.81 63 6.90 41 0.29 0.20 0.10 F 76 B
2021-10-12 17:04:15.50 23.8450 121.4447 17.72 2.79 70 3.70 66 0.33 0.20 0.20 F 140 B
2021-10-13 00:41:15.43 23.6893 121.2650 11.42 2.32 21 14.50 67 0.30 0.30 0.70 F 34 B
2021-10-13 17:40:30.39 24.0213 121.6442 32.55 2.69 64 6.00 57 0.42 0.30 0.30 F 128 B
2021-10-13 23:50:04.53 24.1292 121.4713 1.23 2.25 33 8.70 40 0.40 0.20 0.30 F 60 C
2021-10-14 15:41:57.99 23.7567 121.5083 8.57 2.31 40 6.50 162 0.34 0.20 0.20 F 61 C
2021-10-15 04:48:42.75 23.7750 121.5293 7.68 3.13 96 3.70 64 0.35 0.10 0.10 F 187 B
2021-10-15 10:09:09.42 23.6002 121.2397 14.82 1.32 8 14.10 139 0.25 0.90 0.60 F 16 C
2021-10-15 10:09:21.81 24.0325 121.4793 60.92 2.29 24 6.80 102 0.33 1.30 1.30 F 39 B
2021-10-15 11:50:14.40 24.2340 121.7675 48.13 2.48 48 11.00 67 0.35 0.40 0.40 F 96 B
2021-10-15 15:14:52.65 24.1707 121.7907 30.48 1.99 19 15.70 197 0.27 0.70 0.60 F 31 C
2021-10-16 20:39:03.53 23.5847 121.5150 42.51 2.36 35 12.90 147 0.29 0.50 0.40 F 65 C
2021-10-17 02:20:15.14 23.5520 121.9327 28.33 2.88 69 45.90 48 0.42 0.30 0.70 F 138 C
2021-10-17 03:41:43.93 23.7758 121.4033 21.67 2.56 30 5.60 83 0.33 0.30 0.40 F 60 B
2021-10-17 05:07:55.99 23.6445 121.4913 38.22 2.13 17 7.10 163 0.29 0.90 0.70 F 29 C
2021-10-17 07:35:04.39 23.8288 121.4293 18.94 2.73 53 2.30 42 0.30 0.20 0.20 F 98 B
2021-10-17 08:35:45.97 23.7767 121.4710 8.16 2.44 28 4.90 130 0.33 0.30 0.30 F 49 C
2021-10-17 19:34:25.76 23.8403 121.7180 46.01 2.83 96 13.70 36 0.37 0.20 0.20 F 189 B
2021-10-17 21:32:08.19 24.1432 121.5968 18.22 3.26 99 3.10 33 0.32 0.20 0.20 F 177 B
2021-10-18 05:49:18.63 24.2002 121.6702 31.40 5.25 99 6.70 29 0.28 0.10 0.10 F 268 B
2021-10-18 06:01:52.52 24.2040 121.6347 30.50 2.08 20 5.20 175 0.28 0.50 0.50 F 39 C
2021-10-18 06:09:44.34 24.1947 121.6898 34.17 1.97 11 7.90 217 0.28 1.00 0.90 F 21 C
2021-10-18 06:16:02.83 24.2100 121.6760 32.77 2.05 13 7.90 220 0.39 0.80 0.80 F 25 D
2021-10-18 06:22:22.76 24.2008 121.6577 31.46 2.00 11 7.10 194 0.24 0.60 0.60 F 22 C
2021-10-18 06:23:09.86 24.1983 121.6598 30.06 2.45 30 5.80 79 0.27 0.30 0.40 F 56 B
2021-10-18 07:24:11.30 23.8500 121.5732 8.00 3.07 80 6.60 70 0.32 0.10 0.10 F 149 B
2021-10-18 07:31:08.64 23.8517 121.5705 7.87 2.19 32 6.60 99 0.31 0.20 0.20 F 59 C
2021-10-18 08:04:51.20 24.1453 121.4892 9.62 2.86 80 6.80 25 0.49 0.40 0.40 F 153 A
2021-10-18 08:40:36.50 23.8482 121.5747 7.81 2.40 42 6.70 104 0.37 0.20 0.20 F 74 C
2021-10-18 08:52:56.85 24.2000 121.6593 31.23 3.88 99 5.90 34 0.31 0.20 0.20 F 219 B
2021-10-18 12:36:44.77 24.0837 121.5563 43.47 2.42 55 10.70 75 0.45 0.70 0.90 F 110 A
2021-10-18 12:45:54.25 24.1940 121.6653 31.65 2.58 62 5.80 58 0.35 0.30 0.30 F 124 B
2021-10-18 14:00:06.99 24.1925 121.6702 30.48 2.05 29 6.10 108 0.26 0.40 0.30 F 52 B
2021-10-18 14:34:58.96 23.6040 121.8157 24.13 1.71 19 32.90 154 0.28 0.50 1.40 F 36 C
2021-10-18 15:14:56.09 24.1985 121.6462 29.79 1.99 32 5.00 76 0.30 0.40 0.40 F 59 B
2021-10-19 03:31:44.80 24.1170 121.5725 33.74 2.51 41 5.20 49 0.33 0.50 0.40 F 70 B
2021-10-19 07:25:25.32 24.2383 121.6828 9.86 1.83 28 10.20 161 0.25 0.50 0.40 F 47 C
2021-10-19 08:18:52.25 23.8815 121.5448 37.07 2.77 53 6.30 68 0.31 0.30 0.30 F 102 B
2021-10-19 09:32:10.85 23.9788 121.6382 43.80 2.34 23 2.50 190 0.28 0.60 0.60 F 41 C
2021-10-19 16:14:41.51 24.0678 121.4995 24.42 2.32 32 10.80 49 0.26 0.30 0.40 F 54 B
2021-10-19 22:33:10.76 23.9573 121.6080 43.35 2.88 88 2.10 46 0.36 0.30 0.30 F 176 B
2021-10-20 00:37:21.82 24.1388 121.4965 8.83 2.35 47 7.70 39 0.39 0.50 0.60 F 82 A
2021-10-20 02:49:51.33 23.8330 121.4297 18.46 1.99 35 2.60 44 0.39 0.60 0.70 F 62 A
2021-10-20 03:05:02.72 23.8975 121.4512 16.53 1.71 24 8.60 49 0.35 0.70 0.70 F 41 A
2021-10-20 03:25:30.06 24.1882 121.6745 33.69 2.17 32 6.20 81 0.28 0.70 0.40 F 51 A
2021-10-20 04:34:06.62 23.5327 121.6927 32.29 2.27 38 24.40 119 0.33 0.80 0.60 F 63 B
2021-10-20 10:58:09.30 24.1422 121.5723 31.95 1.99 35 4.20 46 0.38 0.80 0.60 F 61 A
2021-10-20 14:38:07.77 24.1785 121.5860 20.66 2.47 59 1.00 66 0.29 0.20 0.20 F 109 B
2021-10-20 14:45:44.39 23.7673 121.5178 9.52 2.12 32 5.10 91 0.32 0.50 0.50 F 55 B
2021-10-20 17:07:59.75 23.8550 121.4762 11.09 1.49 17 5.90 63 0.35 0.70 0.70 F 31 A
2021-10-20 19:13:53.18 23.7943 121.4338 13.78 2.75 92 2.10 43 0.32 0.10 0.10 F 174 B
2021-10-21 09:14:12.71 23.7675 121.7168 39.74 2.42 51 15.90 67 0.36 0.40 0.30 F 102 B
2021-10-21 20:41:47.57 23.9203 121.9188 41.81 2.71 62 31.70 74 0.43 0.40 0.50 F 108 B
2021-10-22 03:50:56.28 24.2830 121.6208 23.94 1.94 14 13.10 112 0.28 0.90 1.20 F 24 B
2021-10-22 06:05:29.22 23.7997 121.6180 14.11 2.15 17 5.80 149 0.31 1.00 0.40 F 29 C
2021-10-22 11:07:29.38 24.1922 121.7197 46.63 2.56 45 10.50 85 0.27 0.60 0.60 F 74 A
2021-10-22 12:28:54.65 23.8445 121.5730 6.31 1.48 12 6.40 165 0.21 0.60 0.70 F 18 C
2021-10-22 13:06:10.26 23.9225 121.4560 16.47 1.66 17 6.10 103 0.28 0.70 0.60 F 27 B
2021-10-22 15:07:24.16 23.9712 121.4733 19.11 2.10 16 2.10 70 0.28 0.40 0.60 F 27 B
2021-10-22 15:23:23.11 24.0983 121.8137 4.28 2.64 35 20.50 109 0.34 0.30 0.30 F 57 C
2021-10-22 18:12:12.69 23.8983 121.4662 17.13 2.10 27 7.90 80 0.27 0.30 0.20 F 51 B
2021-10-22 21:11:04.34 23.7780 121.7605 41.77 2.28 19 20.20 156 0.26 0.60 0.40 F 32 C
2021-10-22 23:46:54.07 23.9293 121.4763 16.04 2.84 58 4.30 38 0.26 0.20 0.20 F 105 B
2021-10-23 02:03:02.71 24.1682 121.5250 54.11 2.37 18 6.10 51 0.35 0.80 0.60 F 27 B
2021-10-23 03:16:04.62 24.0678 121.6518 26.80 5.33 99 5.00 49 0.32 0.10 0.10 F 209 B
2021-10-23 03:16:53.47 24.0670 121.6317 24.69 3.97 11 3.10 179 0.23 0.90 0.60 F 18 C
2021-10-23 03:17:16.69 24.0615 121.6157 24.44 3.20 4 2.50 225 0.12 1.00 0.80 F 8 D
2021-10-23 03:18:15.15 24.0602 121.6290 24.24 2.57 7 3.40 198 0.29 1.50 1.10 F 13 D
2021-10-23 03:18:45.08 24.0665 121.6470 26.40 2.62 16 4.60 131 0.24 0.90 0.80 F 27 B
2021-10-23 03:21:01.12 24.0808 121.6155 23.69 2.28 17 1.10 168 0.28 0.50 0.40 F 27 C
2021-10-23 03:21:15.28 24.0698 121.6435 24.08 2.70 32 4.10 85 0.25 0.20 0.20 F 52 B
2021-10-23 03:24:58.07 24.0987 121.8085 4.61 4.19 99 20.00 49 0.31 0.10 0.10 F 167 C
2021-10-23 03:28:17.51 24.0815 121.6457 25.07 2.13 15 4.20 180 0.35 0.60 0.40 F 26 C
2021-10-23 03:29:59.39 24.0657 121.6325 25.05 3.39 62 3.30 64 0.29 0.20 0.20 F 95 B
2021-10-23 03:42:15.58 24.0723 121.6438 24.48 2.54 35 4.10 89 0.25 0.30 0.20 F 63 B
2021-10-23 03:59:57.38 24.0712 121.6440 26.48 3.04 66 4.10 57 0.27 0.20 0.10 F 110 B
2021-10-23 04:00:17.26 24.0633 121.5932 25.75 1.89 4 2.30 192 0.11 0.90 0.80 F 8 D
2021-10-23 04:11:02.11 24.0743 121.6343 24.89 2.30 21 3.10 91 0.28 0.40 0.30 F 40 B
2021-10-23 04:15:55.23 24.0857 121.6380 26.78 3.04 46 3.40 52 0.26 0.20 0.20 F 75 B
2021-10-23 04:16:14.94 24.0815 121.6500 25.48 3.52 46 4.60 59 0.27 0.20 0.20 F 76 B
2021-10-23 04:16:31.77 24.0857 121.6415 27.08 3.57 38 3.80 90 0.27 0.20 0.20 F 60 B
2021-10-23 04:17:20.46 24.0682 121.6418 24.18 2.28 10 4.00 190 0.19 0.40 0.30 F 19 C
2021-10-23 04:58:23.31 24.0695 121.6518 26.98 2.37 20 5.00 95 0.20 0.30 0.30 F 37 B
2021-10-23 04:59:04.51 24.0683 121.6323 24.83 2.01 14 3.10 94 0.27 0.50 0.30 F 28 B
2021-10-23 05:36:18.82 24.0785 121.6405 26.67 2.19 12 3.60 189 0.16 0.40 0.30 F 24 C
2021-10-23 06:14:58.43 24.0573 121.6402 24.66 2.90 63 4.50 60 0.28 0.20 0.10 F 116 B
2021-10-23 07:09:37.90 24.0658 121.6267 27.27 2.23 18 2.80 90 0.24 0.40 0.40 F 35 B
2021-10-23 07:36:28.75 24.0600 121.6403 25.90 2.10 17 4.30 95 0.27 0.40 0.40 F 34 B
2021-10-23 08:22:55.89 24.0543 121.6480 25.76 2.58 35 5.30 90 0.30 0.30 0.30 F 70 B
2021-10-23 08:40:02.11 24.0555 121.6500 25.08 2.79 35 5.40 84 0.28 0.30 0.20 F 61 B
2021-10-23 08:45:02.81 24.0813 121.6407 28.34 1.52 8 3.60 219 0.27 0.60 0.50 F 15 C
2021-10-23 10:03:05.98 23.7503 121.9768 37.25 4.47 99 41.80 51 0.35 0.20 0.30 F 223 C
2021-10-23 10:32:38.42 24.0778 121.6535 26.49 4.55 99 5.00 47 0.28 0.10 0.10 F 225 B
2021-10-23 10:37:38.13 24.0868 121.6370 25.92 2.53 27 3.30 176 0.26 0.40 0.30 F 46 C
2021-10-23 10:58:50.41 24.1008 121.6160 26.63 2.21 19 2.50 169 0.23 0.60 0.40 F 32 C
2021-10-23 11:00:06.08 24.0978 121.6075 28.02 2.38 25 1.90 85 0.29 0.30 0.30 F 43 B
2021-10-23 19:19:40.50 24.0548 121.6270 24.95 2.67 80 3.70 91 0.33 0.20 0.10 F 154 C
2021-10-23 22:36:22.52 24.0550 121.6408 25.56 3.18 73 4.70 70 0.31 0.20 0.20 F 104 B
2021-10-23 23:44:26.41 24.0768 121.6198 28.16 2.00 12 1.60 183 0.39 0.90 0.70 F 21 D
2021-10-24 03:11:20.44 24.0745 121.6318 27.04 2.31 35 2.80 93 0.28 0.30 0.30 F 61 B
2021-10-24 03:11:49.27 24.0782 121.6185 27.21 2.20 26 1.40 85 0.28 0.40 0.30 F 45 B
2021-10-24 04:38:51.96 24.0518 121.6498 25.82 4.62 99 5.60 38 0.30 0.10 0.10 F 261 B
2021-10-24 04:39:34.34 24.0657 121.6120 24.89 3.20 17 1.80 167 0.24 0.50 0.30 F 31 C
2021-10-24 04:40:03.71 24.0477 121.6427 25.02 2.89 20 5.30 183 0.27 0.40 0.40 F 40 C
2021-10-24 05:35:08.95 23.7930 121.4977 5.79 0.79 5 6.10 101 0.10 0.20 0.30 F 9 B
2021-10-24 05:37:31.52 24.0515 121.6403 24.74 2.20 37 4.90 91 0.30 0.20 0.20 F 71 C
2021-10-24 09:36:53.97 23.9005 121.4383 17.14 1.57 15 9.10 97 0.29 0.50 0.60 F 27 B
2021-10-24 10:58:20.58 23.6548 121.5088 28.46 2.17 34 7.10 159 0.35 0.50 0.40 F 61 C
2021-10-24 14:07:33.20 23.6178 121.2845 10.95 0.96 9 13.40 118 0.23 0.40 0.60 F 18 B
2021-10-24 14:45:11.75 24.0597 121.4463 57.57 2.29 36 5.40 56 0.32 0.40 0.30 F 61 B
2021-10-24 14:52:38.70 23.8918 121.7525 17.64 2.97 75 15.40 89 0.35 0.30 0.30 F 129 B
2021-10-24 14:53:05.24 24.1952 121.5733 20.62 2.21 14 3.20 117 0.29 0.60 0.40 F 26 B
2021-10-24 19:00:59.38 23.8535 121.7597 47.09 2.11 42 17.00 129 0.34 0.50 0.40 F 71 C
2021-10-24 23:38:52.20 23.7653 121.5332 8.03 3.06 83 3.90 43 0.31 0.10 0.10 F 138 B
2021-10-24 23:54:59.93 23.8452 121.5520 40.61 2.51 39 6.50 75 0.37 0.40 0.40 F 70 B
2021-10-25 02:09:10.97 23.7660 121.5308 7.46 3.07 99 4.00 30 0.37 0.10 0.10 F 204 B
2021-10-25 03:01:15.42 24.0363 121.4897 16.97 2.13 25 7.90 51 0.32 0.30 0.40 F 47 B
2021-10-25 11:45:00.54 23.8493 121.5833 38.42 2.46 50 6.30 109 0.33 0.40 0.40 F 81 C
2021-10-25 12:53:56.75 23.7370 121.9798 40.64 2.36 47 42.70 70 0.46 0.40 0.60 F 75 C
2021-10-25 14:37:16.00 23.7005 121.6928 33.74 2.69 69 14.80 81 0.30 0.30 0.20 F 111 B
2021-10-25 15:38:13.37 23.7838 121.7650 44.57 3.07 77 20.60 69 0.32 0.30 0.30 F 133 B
2021-10-25 15:58:58.19 24.1447 121.8770 49.39 2.44 67 22.30 50 0.35 0.20 0.30 F 125 B
2021-10-25 16:31:59.83 23.7558 121.5090 9.17 0.63 3 6.50 193 0.10 0.70 0.80 F 6 D
2021-10-25 17:55:06.91 23.8205 121.5768 22.07 2.63 69 3.90 70 0.29 0.20 0.10 F 124 B
2021-10-25 18:27:10.08 24.0723 121.6605 28.20 2.93 99 5.70 39 0.26 0.10 0.10 F 202 B
2021-10-25 21:45:54.33 24.0443 121.7755 19.02 2.11 38 17.80 106 0.32 0.60 0.90 F 76 B
2021-10-26 00:51:12.08 24.0670 121.6535 27.42 2.95 56 5.20 84 0.27 0.20 0.20 F 98 B
2021-10-26 02:53:06.63 23.9085 121.9562 36.28 2.46 54 36.10 88 0.33 0.60 1.50 F 86 A
2021-10-26 05:44:33.53 23.9908 121.7617 51.99 2.69 63 15.20 48 0.30 0.40 0.30 F 111 B
2021-10-26 08:28:46.99 24.1737 121.4903 46.63 2.10 28 3.80 72 0.33 0.40 0.40 F 51 B
2021-10-26 11:11:12.13 23.6537 121.6480 32.89 2.50 57 17.20 47 0.30 0.20 0.10 F 109 B
2021-10-26 14:14:00.64 23.6162 121.6880 32.43 1.46 12 22.90 165 0.32 1.60 1.40 F 24 C
2021-10-26 23:16:02.71 23.8362 121.4310 19.34 3.15 99 2.90 22 0.29 0.10 0.20 F 174 B
2021-10-27 06:02:25.64 23.9840 121.7435 45.76 2.35 15 13.30 211 0.39 0.90 0.80 F 24 D
2021-10-27 12:38:08.13 23.7538 121.5118 8.73 3.45 99 6.30 32 0.30 0.10 0.10 F 201 B
2021-10-27 12:55:53.82 23.8292 121.4832 12.53 2.44 52 4.60 77 0.33 0.20 0.20 F 85 B
2021-10-27 16:56:56.48 23.6092 121.5850 34.16 2.40 43 11.60 153 0.29 0.30 0.30 F 76 C
2021-10-27 19:05:48.93 23.5793 121.5767 40.09 2.71 99 14.50 31 0.31 0.20 0.20 F 212 B
2021-10-27 21:34:54.88 24.0378 121.5000 24.27 3.33 98 8.00 27 0.31 0.20 0.20 F 158 B
2021-10-28 08:29:16.78 24.0783 121.6507 25.75 3.62 99 4.70 39 0.34 0.20 0.20 F 185 B
2021-10-29 02:18:28.68 24.1872 121.6265 69.69 2.22 22 3.60 61 0.38 0.80 0.80 F 38 B
2021-10-29 05:45:19.63 24.1117 121.7823 59.57 2.60 39 17.00 94 0.29 0.60 0.70 F 70 B
2021-10-29 09:31:17.63 23.7672 121.5320 8.13 2.98 99 3.80 43 0.35 0.10 0.10 F 188 B
2021-10-29 15:38:47.65 24.1250 121.6500 27.64 2.53 55 4.60 78 0.30 0.30 0.20 F 100 B
2021-10-29 18:03:21.97 24.0153 121.6705 41.12 2.65 90 7.30 49 0.32 0.20 0.20 F 170 B
2021-10-29 20:17:14.20 23.7692 121.5297 7.85 2.65 99 3.90 42 0.39 0.10 0.10 F 202 B
2021-10-29 22:17:54.91 23.8718 121.7958 51.72 3.24 82 20.00 37 0.32 0.40 0.20 F 136 B
2021-10-30 02:42:45.07 24.0033 121.7628 52.54 2.63 53 15.50 108 0.33 0.30 0.30 F 102 C
2021-10-30 09:44:53.73 24.0678 121.6483 27.75 2.77 73 4.70 63 0.30 0.20 0.20 F 117 B
2021-10-30 16:08:47.33 23.8415 121.4252 18.43 1.48 22 3.70 51 0.30 0.40 0.40 F 41 B
2021-10-30 22:36:28.09 24.0480 121.6697 29.38 2.57 65 7.60 77 0.37 0.30 0.20 F 117 B
2021-10-31 16:28:08.74 24.1830 121.7230 13.38 1.60 26 10.50 199 0.33 0.40 0.40 F 44 D
2021-11-01 03:12:14.77 23.6503 121.6125 40.28 3.15 83 9.20 65 0.37 0.30 0.20 F 147 B
2021-11-01 09:20:47.03 23.8983 121.4372 25.70 3.06 99 9.30 24 0.28 0.10 0.20 F 191 B
2021-11-01 14:43:09.25 23.6020 121.7012 29.30 2.84 73 19.60 95 0.31 0.30 0.20 F 128 C
2021-11-01 14:47:47.47 23.8365 121.4740 13.06 1.48 7 4.30 101 0.19 0.40 0.40 F 14 B
2021-11-02 09:01:04.61 23.8543 121.5833 3.23 3.08 70 5.80 134 0.42 0.20 0.20 F 108 C
2021-11-02 23:34:07.64 24.0360 121.6580 39.30 3.00 77 7.40 47 0.35 0.30 0.30 F 130 B
2021-11-03 00:24:06.40 23.5420 121.3950 28.53 1.73 25 6.30 119 0.35 1.20 0.90 F 38 B
2021-11-03 01:24:49.91 24.2213 121.2423 10.26 1.42 21 2.90 54 0.40 0.60 0.70 F 38 A
2021-11-03 03:33:03.20 24.1447 121.6177 4.21 1.57 11 1.60 170 0.34 1.00 1.00 F 16 C
2021-11-03 07:39:44.20 24.2348 121.6927 7.57 2.02 32 9.90 110 0.27 0.50 0.40 F 51 B
2021-11-03 08:57:13.32 24.2607 121.6795 11.36 1.88 31 8.10 118 0.32 0.60 0.40 F 52 B
2021-11-03 09:06:20.94 24.0553 121.6145 10.25 1.74 29 3.10 96 0.36 0.90 0.60 F 43 B
2021-11-03 10:57:23.23 23.7995 121.6435 19.17 2.59 72 8.30 80 0.35 0.20 0.20 F 138 B
2021-11-03 11:22:46.51 23.8265 121.4737 12.02 1.34 17 3.60 72 0.35 0.80 0.70 F 29 A
2021-11-03 14:38:01.47 23.8672 121.4445 14.50 1.02 13 6.10 101 0.32 1.00 0.90 F 23 B
2021-11-03 15:01:14.35 23.8637 121.5212 14.44 0.88 14 9.40 91 0.42 1.30 1.20 F 22 B
2021-11-03 15:25:17.79 23.5877 121.2602 7.42 0.64 11 11.70 135 0.32 0.80 2.30 F 19 B
2021-11-03 16:13:09.69 23.8773 121.5183 10.03 1.30 15 9.00 84 0.24 0.50 0.80 F 25 A
2021-11-03 16:18:52.82 23.6180 121.2408 14.32 1.71 35 15.50 61 0.34 0.30 0.50 F 61 C
2021-11-03 16:26:14.35 23.7703 121.9325 29.99 2.02 23 37.70 109 0.30 0.80 0.90 F 37 B
2021-11-03 16:54:17.81 23.9432 121.4875 13.34 1.16 11 2.50 118 0.40 1.10 0.80 F 20 B
2021-11-03 16:58:41.43 23.7602 121.7122 40.92 1.78 23 15.50 135 0.37 1.40 1.70 F 36 B
2021-11-03 17:17:42.83 23.7032 121.5845 31.60 2.67 80 3.80 74 0.27 0.20 0.20 F 138 B
2021-11-03 18:32:15.63 23.7400 121.5565 6.09 1.46 17 3.70 135 0.23 0.20 0.20 F 25 C
2021-11-03 19:02:01.23 23.5403 121.5318 47.21 1.72 17 12.20 96 0.43 1.80 1.20 F 27 C
2021-11-03 19:12:16.47 23.8083 121.4768 8.36 0.51 7 3.60 110 0.23 0.40 0.30 F 12 B
2021-11-03 19:30:40.45 23.8278 121.4093 7.02 0.67 8 3.70 88 0.14 0.80 0.90 F 13 A
2021-11-03 19:46:15.54 23.8113 121.4667 8.59 0.89 7 2.60 113 0.27 0.90 0.60 F 14 B
2021-11-03 20:06:33.56 23.6553 121.5555 43.95 3.00 99 5.90 31 0.33 0.20 0.20 F 242 B
2021-11-03 20:11:29.67 23.9325 121.4535 17.92 1.23 11 5.40 77 0.32 1.10 1.20 F 20 A
2021-11-03 20:34:29.58 23.7080 121.4355 10.15 1.38 18 4.40 87 0.26 0.70 0.50 F 26 A
2021-11-03 20:49:57.53 23.7967 121.4398 6.25 0.53 7 1.70 91 0.05 0.30 0.20 F 10 B
2021-11-03 20:53:48.12 23.9743 121.5203 15.61 1.95 49 3.00 54 0.28 0.20 0.20 F 88 B
2021-11-03 20:56:34.91 23.9703 121.5207 17.65 1.61 22 2.90 81 0.38 0.70 0.90 F 40 A
2021-11-03 21:00:59.30 23.8952 121.4345 20.90 1.42 17 9.20 95 0.32 0.80 1.00 F 29 B
2021-11-03 21:17:31.82 23.8142 121.5435 7.69 1.97 44 3.50 72 0.32 0.20 0.20 F 79 B
2021-11-03 21:17:53.65 23.8082 121.5210 10.85 1.69 21 4.80 85 0.33 0.70 0.70 F 35 A
2021-11-03 21:18:49.63 24.1970 121.6517 30.47 2.75 74 5.20 72 0.30 0.30 0.30 F 124 B
2021-11-03 21:21:13.20 23.9688 121.5002 16.06 1.75 30 0.90 75 0.43 0.70 0.70 F 55 A
2021-11-03 21:32:22.31 23.7667 121.5090 10.38 1.32 21 5.90 81 0.27 0.50 0.60 F 34 A
2021-11-03 22:08:24.23 24.0760 121.4408 8.63 1.65 26 6.70 68 0.38 0.60 0.50 F 42 A
2021-11-03 22:09:32.79 23.8258 121.4067 17.88 1.62 29 3.90 59 0.39 0.70 0.80 F 50 A
2021-11-03 23:34:32.31 23.5507 121.4860 29.26 2.18 34 9.10 112 0.29 0.80 0.50 F 55 B
2021-11-04 04:52:32.77 23.8887 121.5717 20.36 2.62 50 3.50 88 0.30 0.30 0.30 F 89 B
2021-11-04 10:25:17.66 24.0487 121.6470 32.00 2.62 84 5.60 52 0.36 0.20 0.20 F 168 B
2021-11-04 14:22:41.81 24.1743 121.5102 5.44 0.78 4 4.60 127 0.12 0.90 0.90 F 8 B
2021-11-04 17:39:56.92 23.8508 121.7445 46.22 3.00 88 15.70 73 0.29 0.30 0.20 F 136 B
2021-11-04 19:56:07.79 24.0612 121.6215 23.98 2.56 68 2.80 87 0.29 0.20 0.20 F 123 B
2021-11-04 19:56:40.23 24.0687 121.6157 24.56 1.22 5 1.80 238 0.16 1.10 0.90 F 10 D
2021-11-04 20:05:25.36 23.9782 121.7898 47.13 2.79 79 17.90 50 0.27 0.30 0.20 F 139 B
2021-11-04 20:45:27.01 24.0557 121.6255 23.53 1.66 23 3.50 97 0.26 0.40 0.40 F 44 B
2021-11-05 02:03:55.45 23.9765 121.7825 47.06 3.57 99 17.20 36 0.30 0.20 0.20 F 227 B
2021-11-05 04:17:22.97 23.8025 121.4388 15.12 2.48 51 1.10 47 0.25 0.20 0.20 F 96 B
2021-11-05 07:34:47.92 24.2383 121.7352 61.69 2.75 66 7.80 50 0.34 0.30 0.30 F 113 B
2021-11-05 08:22:40.69 24.1205 121.6632 50.57 2.40 31 5.80 82 0.34 0.70 0.50 F 56 B
2021-11-05 09:50:29.57 23.8752 121.7383 54.93 2.08 37 20.30 123 0.40 0.50 0.40 F 67 C
2021-11-05 13:45:07.73 23.5038 121.5857 41.34 2.77 68 16.60 86 0.34 0.30 0.30 F 113 B
2021-11-05 21:35:48.49 23.9197 121.4542 19.69 3.50 99 6.40 25 0.32 0.10 0.10 F 265 B
2021-11-06 15:23:05.40 24.0830 121.5248 98.97 2.81 99 8.10 19 0.35 0.30 0.30 F 182 B
2021-11-06 20:51:03.42 23.8415 121.4505 17.43 1.73 26 3.40 73 0.34 0.40 0.50 F 52 B
2021-11-06 22:32:44.50 24.2987 121.9412 27.63 2.24 36 19.60 119 0.28 0.30 0.20 F 61 B
2021-11-07 09:39:35.91 23.8930 121.4447 16.20 2.37 49 9.00 48 0.27 0.20 0.20 F 87 B
2021-11-07 15:36:59.94 23.7568 121.5693 26.66 3.28 99 3.50 58 0.30 0.20 0.10 F 221 B
2021-11-07 19:30:20.12 23.5473 121.5765 42.14 3.17 99 16.70 34 0.32 0.20 0.10 F 294 B
2021-11-07 20:56:39.56 24.0675 121.6518 27.75 2.59 57 5.00 70 0.32 0.30 0.20 F 100 B
2021-11-07 21:41:04.51 23.6812 121.4048 27.82 2.40 52 2.70 42 0.36 0.30 0.30 F 93 B
2021-11-08 00:33:28.87 24.0343 121.5040 16.63 2.89 67 7.70 30 0.32 0.20 0.20 F 130 B
2021-11-08 03:33:40.87 24.1318 121.5928 4.90 1.87 13 4.20 118 0.36 0.50 0.40 F 22 C
2021-11-08 05:03:08.86 23.8262 121.9427 26.04 4.54 99 35.80 49 0.32 0.20 0.30 F 289 C
2021-11-08 09:49:35.98 24.1048 121.7180 55.63 2.90 63 11.30 103 0.32 0.40 0.40 F 107 C
2021-11-08 19:51:40.74 23.8535 121.5413 9.11 1.36 15 7.60 122 0.27 0.30 0.30 F 26 B
2021-11-09 00:40:49.40 23.9333 121.4662 20.27 3.55 99 4.50 26 0.26 0.10 0.20 F 211 B
2021-11-09 03:33:50.71 24.1437 121.6090 2.40 1.15 6 2.20 136 0.12 0.50 0.60 F 10 C
2021-11-09 07:24:14.27 24.0585 121.8515 48.03 2.21 28 25.20 68 0.43 0.70 0.80 F 44 B
2021-11-09 09:10:09.37 24.2780 121.6755 3.13 1.98 6 6.30 152 0.25 0.50 0.50 F 11 C
2021-11-09 09:30:04.73 23.8373 121.4137 14.37 0.85 3 4.00 277 0.07 0.70 0.50 F 6 D
2021-11-10 02:44:53.26 23.7162 121.5157 4.93 2.70 61 3.40 47 0.39 0.20 0.20 F 109 B
2021-11-10 04:10:51.27 23.7112 121.5138 5.31 3.00 96 3.40 73 0.34 0.10 0.10 F 183 B
2021-11-10 07:59:03.02 23.8625 121.8597 45.11 2.73 51 26.60 74 0.32 0.40 0.50 F 84 B
2021-11-10 10:50:04.97 23.9497 121.9337 36.97 2.04 28 32.70 118 0.32 0.40 0.50 F 48 C
2021-11-11 03:38:45.02 24.2782 121.7667 64.70 3.48 99 3.70 48 0.30 0.20 0.10 F 256 B
2021-11-11 09:57:09.94 24.1083 121.6678 55.97 2.33 50 7.10 89 0.44 0.80 1.00 F 100 A
2021-11-11 13:09:39.93 24.1955 121.6563 30.83 2.95 99 5.30 40 0.31 0.20 0.20 F 172 B
2021-11-11 17:14:06.06 23.9883 121.8328 42.70 2.57 78 22.40 68 0.40 0.60 0.80 F 144 A
2021-11-12 13:57:05.30 23.7073 121.9343 33.17 3.26 99 38.90 50 0.35 0.20 0.30 F 244 C
2021-11-12 14:03:55.27 24.0283 121.6220 24.92 2.43 58 6.00 90 0.31 0.20 0.20 F 107 B
2021-11-12 15:05:26.25 24.2340 121.8035 17.72 3.89 99 9.90 48 0.28 0.10 0.10 F 244 B
2021-11-12 15:06:32.90 24.2335 121.8040 18.09 2.27 29 12.50 199 0.21 0.30 0.20 F 57 C
2021-11-12 15:07:30.50 24.2318 121.8098 17.67 2.08 30 13.00 194 0.23 0.30 0.20 F 58 C
2021-11-12 15:11:48.53 24.2338 121.8085 17.46 3.21 99 10.20 46 0.28 0.10 0.10 F 211 B
2021-11-12 16:16:15.80 24.2298 121.8080 18.04 2.98 99 10.50 45 0.25 0.10 0.10 F 210 B
2021-11-12 16:41:55.61 24.1172 121.8103 25.83 1.65 19 19.60 224 0.37 0.70 0.70 F 38 D
2021-11-12 20:29:22.00 23.7727 121.6058 37.47 2.07 36 4.70 183 0.30 0.50 0.40 F 56 C
2021-11-13 02:43:32.72 24.0428 121.5792 34.59 2.36 40 5.00 74 0.26 0.40 0.40 F 72 B
2021-11-13 18:19:15.11 24.1988 121.6662 32.67 2.53 60 6.30 73 0.32 0.30 0.30 F 99 B
2021-11-13 19:28:38.89 24.1317 121.4965 36.89 1.93 14 8.50 98 0.31 0.60 0.60 F 19 C
2021-11-13 19:36:23.19 23.5853 121.8252 16.84 1.72 31 31.40 118 0.32 0.50 0.70 F 53 C
2021-11-13 22:03:54.42 23.8432 121.4387 17.07 3.23 84 3.50 47 0.33 0.20 0.20 F 144 B
2021-11-13 23:48:21.02 23.5253 121.9680 41.67 2.94 62 47.40 130 0.38 0.40 0.80 F 93 C
2021-11-14 02:41:56.97 23.6225 121.8063 38.62 3.12 77 28.00 59 0.34 0.40 0.30 F 124 B
2021-11-14 05:16:48.16 23.9418 121.4685 20.02 3.54 99 3.60 25 0.28 0.10 0.20 F 229 B
2021-11-14 06:28:43.65 24.2663 121.5037 50.61 2.56 41 7.00 51 0.31 0.40 0.40 F 73 B
2021-11-14 06:51:43.60 24.0688 121.6485 30.61 2.81 67 4.60 56 0.31 0.20 0.20 F 125 B
2021-11-14 08:05:02.66 23.6667 121.4842 38.68 2.15 21 11.50 165 0.33 0.60 0.40 F 40 C
2021-11-14 08:07:38.34 24.0842 121.6615 44.78 2.05 14 5.80 179 0.31 0.90 1.00 F 27 C
2021-11-14 08:24:55.16 23.9730 121.6963 37.36 2.61 54 8.40 53 0.30 0.30 0.20 F 102 B
2021-11-14 19:29:40.56 23.5480 121.6783 27.84 2.39 64 22.20 104 0.33 0.30 0.30 F 120 C
2021-11-14 20:52:56.99 24.0712 121.6428 30.74 2.85 99 4.00 49 0.34 0.20 0.20 F 183 B
2021-11-15 11:47:16.97 24.1985 121.6545 31.15 2.64 65 5.50 45 0.28 0.30 0.30 F 123 B
2021-11-15 13:41:39.87 23.5712 121.4883 41.46 2.31 44 10.90 170 0.38 0.50 0.30 F 71 C
2021-11-15 19:23:55.93 23.5483 121.4900 43.00 2.76 80 9.20 88 0.37 0.30 0.30 F 145 B
2021-11-16 19:10:34.10 23.7285 121.8342 24.13 2.63 69 28.40 39 0.33 0.30 0.40 F 124 C
2021-11-16 20:19:05.62 23.9308 121.4588 19.40 2.63 63 5.20 44 0.29 0.20 0.20 F 118 B
2021-11-17 04:01:20.11 23.7727 121.5287 8.26 2.53 47 3.80 105 0.32 0.20 0.20 F 80 C
2021-11-17 13:50:53.05 23.6612 121.4943 34.41 2.54 71 6.90 96 0.31 0.30 0.20 F 134 C
2021-11-17 14:34:34.01 23.7438 121.9032 35.74 3.36 99 35.00 48 0.38 0.30 0.30 F 181 B
2021-11-17 15:56:42.88 24.0880 121.8433 50.42 2.07 40 23.70 98 0.35 0.50 0.40 F 66 C
2021-11-17 19:39:40.30 23.5307 121.9165 29.00 1.94 19 45.90 144 0.33 0.90 1.50 F 35 C
2021-11-17 20:43:01.56 23.9492 121.7215 19.80 1.68 17 18.80 240 0.30 0.50 0.50 F 34 D
2021-11-18 03:38:04.02 23.8912 121.7082 21.84 3.41 99 10.90 39 0.34 0.20 0.10 F 196 B
2021-11-18 09:26:39.29 23.9350 121.6723 46.12 2.04 24 17.60 159 0.36 0.80 0.90 F 48 C
2021-11-18 16:44:28.49 23.6528 121.6690 44.28 3.55 99 13.80 46 0.31 0.20 0.10 F 243 B
2021-11-19 10:57:23.59 23.6527 121.3937 22.41 1.68 19 3.90 103 0.26 0.50 0.50 F 38 B
2021-11-19 20:04:58.31 24.2628 121.6973 30.94 2.84 99 7.20 42 0.27 0.10 0.10 F 193 B
2021-11-19 22:35:09.66 23.8395 121.4225 19.24 2.98 69 3.60 33 0.31 0.20 0.20 F 121 B
2021-11-20 00:06:52.93 23.8098 121.5718 26.40 2.27 28 2.60 183 0.32 0.40 0.40 F 50 D
2021-11-20 04:58:33.38 23.7138 121.5868 37.41 2.95 64 4.10 84 0.35 0.40 0.40 F 109 B
2021-11-20 07:07:07.56 24.0220 121.9355 42.14 2.48 20 34.30 107 0.34 0.90 1.80 F 38 B
2021-11-20 10:43:40.77 23.9852 121.6325 32.42 2.74 99 2.20 81 0.36 0.20 0.20 F 195 B
2021-11-20 15:15:25.03 24.1215 121.7067 8.54 2.40 42 9.40 197 0.34 0.30 0.30 F 74 D
2021-11-20 15:16:16.20 24.1323 121.6765 10.61 1.64 20 6.20 178 0.29 0.30 0.30 F 29 C
2021-11-20 16:33:50.68 24.2013 121.6882 47.53 2.14 42 8.20 83 0.32 0.50 0.40 F 72 B
2021-11-20 22:51:21.11 24.2600 121.7840 54.25 2.30 47 6.40 59 0.34 0.40 0.40 F 85 B
2021-11-21 07:30:32.61 24.1772 121.8353 24.82 2.92 60 16.90 94 0.30 0.30 0.30 F 99 C
2021-11-21 13:17:38.90 24.0143 121.8755 40.13 2.07 32 28.50 115 0.28 0.60 1.00 F 58 B
2021-11-21 13:53:01.55 24.0080 121.6343 41.20 2.79 78 4.20 52 0.34 0.40 0.30 F 145 B
2021-11-22 03:13:03.39 24.0722 121.6348 26.80 2.58 35 3.20 95 0.30 0.40 0.30 F 64 C
2021-11-22 05:45:30.89 24.2608 121.6872 9.54 1.91 24 8.00 168 0.34 0.40 0.70 F 45 C
2021-11-22 15:19:27.96 23.7468 121.6918 45.48 2.12 26 13.90 122 0.30 0.40 0.30 F 45 C
2021-11-22 16:35:17.21 24.1992 121.7800 38.65 2.93 86 15.00 48 0.31 0.30 0.20 F 150 B
2021-11-22 19:01:33.68 23.7573 121.2548 66.49 2.21 47 11.60 43 0.33 0.40 0.50 F 85 B
2021-11-23 12:26:40.84 24.2875 121.7405 16.29 2.24 36 2.40 144 0.25 0.40 0.20 F 61 C
2021-11-23 14:02:58.94 24.1087 121.6687 54.19 2.34 48 7.20 82 0.37 0.60 0.50 F 96 B
2021-11-23 15:25:46.00 23.9217 121.6352 39.31 2.57 58 3.90 120 0.33 0.40 0.40 F 116 C
2021-11-23 15:52:26.69 23.8893 121.7332 46.59 2.46 55 20.70 85 0.30 0.40 0.30 F 109 B
2021-11-23 19:03:28.03 24.0487 121.8917 45.39 2.40 55 29.40 63 0.35 0.40 0.50 F 100 B
2021-11-23 19:25:11.00 24.1917 121.8860 51.12 2.40 62 19.00 56 0.29 0.30 0.30 F 113 B
2021-11-23 19:27:51.05 23.6540 121.6993 32.44 2.42 48 16.60 94 0.30 0.30 0.30 F 77 C
2021-11-24 07:43:03.25 23.5258 121.5210 32.64 3.08 72 10.60 71 0.34 0.30 0.30 F 122 B
2021-11-24 11:40:16.75 23.8840 121.7290 21.12 3.21 99 13.10 42 0.29 0.10 0.10 F 239 B
2021-11-24 22:02:54.05 23.9317 121.4543 17.92 2.50 56 5.40 43 0.29 0.20 0.30 F 108 B
2021-11-25 12:11:01.10 23.5740 121.5998 37.66 2.08 20 20.10 232 0.23 0.60 0.60 F 34 C
2021-11-25 12:13:18.27 23.7302 121.3747 23.56 2.53 44 1.80 57 0.26 0.20 0.20 F 75 B
2021-11-25 13:29:34.41 24.2065 121.8773 52.78 2.92 99 17.20 40 0.36 0.20 0.20 F 175 B
2021-11-25 19:02:42.89 24.1253 121.4100 3.09 2.40 53 11.60 26 0.34 0.20 0.20 F 88 C
2021-11-26 05:35:23.09 24.0923 121.7477 23.23 2.69 48 14.60 91 0.26 0.20 0.20 F 90 B
2021-11-26 16:02:55.63 23.8408 121.4240 18.08 2.35 54 3.70 49 0.30 0.20 0.30 F 96 B
2021-11-26 18:16:44.89 23.7620 121.6765 40.26 2.05 22 11.90 228 0.31 0.70 0.60 F 41 D
2021-11-27 00:02:36.38 23.9302 121.6072 47.98 2.26 33 12.30 95 0.29 0.60 0.50 F 66 B
2021-11-27 00:34:22.39 23.7270 121.9528 38.59 2.42 32 40.30 101 0.41 0.60 0.90 F 64 C
2021-11-27 00:38:19.55 23.9693 121.4773 20.77 2.35 33 1.60 58 0.42 0.70 0.80 F 55 A
2021-11-27 01:26:32.34 23.7745 121.4698 11.85 1.04 6 5.10 145 0.25 1.50 0.90 F 10 C
2021-11-27 02:20:38.92 23.9337 121.4560 17.37 2.45 36 5.10 43 0.28 0.30 0.30 F 64 B
2021-11-27 03:21:32.06 23.6938 121.7463 34.28 2.47 33 20.30 103 0.32 0.50 0.40 F 52 C
2021-11-27 06:37:36.92 23.8715 121.4028 14.65 1.09 7 7.70 78 0.29 1.10 1.80 F 13 A
2021-11-27 06:51:07.04 23.8817 121.4145 15.22 1.43 11 8.20 119 0.23 0.80 1.30 F 18 B
2021-11-27 07:29:29.28 23.7648 121.6873 39.21 2.46 40 12.90 85 0.32 0.50 0.30 F 72 B
2021-11-27 07:55:24.72 24.0318 121.6847 45.08 2.19 33 9.80 101 0.33 0.90 0.90 F 50 C
2021-11-27 10:17:40.53 24.2362 121.9528 14.42 2.23 17 22.20 155 0.32 1.40 0.70 F 23 C
2021-11-27 10:54:41.72 24.1182 121.2675 32.62 2.05 12 14.50 116 0.23 0.60 0.50 F 18 B
2021-11-27 10:58:26.67 24.0517 121.6098 25.46 1.51 10 3.30 218 0.21 1.00 0.70 F 18 D
2021-11-27 10:58:46.31 24.2957 121.7325 1.72 1.72 18 3.80 133 0.35 0.70 0.40 F 27 B
2021-11-27 11:49:49.37 23.7015 121.5355 5.71 1.22 18 1.40 130 0.35 0.80 0.90 F 27 B
2021-11-27 12:14:31.37 24.2443 121.6792 57.59 2.33 26 9.90 106 0.27 0.70 0.60 F 39 B
2021-11-27 12:17:38.75 23.7662 121.5273 9.26 1.58 19 4.30 105 0.31 0.70 0.80 F 30 B
2021-11-27 12:19:18.79 24.1423 121.5015 5.32 1.71 26 7.40 61 0.37 0.30 0.50 F 47 C
2021-11-27 12:44:39.85 23.5868 121.2463 8.90 1.26 14 12.40 73 0.31 0.40 1.50 F 22 C
2021-11-27 12:46:46.42 23.7618 121.5332 10.20 1.51 15 4.10 119 0.25 0.70 0.70 F 23 B
2021-11-27 13:25:03.88 23.7762 121.4778 9.11 1.52 20 5.40 108 0.33 0.60 0.80 F 32 B
2021-11-27 13:34:01.24 24.0212 121.6982 33.16 3.20 99 10.00 37 0.34 0.20 0.20 F 209 B
2021-11-27 14:03:40.98 24.0983 121.5475 9.96 1.08 13 6.10 90 0.38 1.20 1.40 F 24 A
2021-11-27 14:15:08.52 24.1540 121.5062 8.52 1.61 26 6.40 54 0.35 0.50 0.70 F 50 A
2021-11-27 17:22:13.18 23.6918 121.5328 3.54 1.23 16 2.30 150 0.25 0.30 0.30 F 21 C
2021-11-27 18:45:13.36 23.9098 121.5142 10.61 2.11 42 6.50 69 0.29 0.20 0.30 F 74 B
2021-11-27 18:46:36.36 23.7158 121.9935 32.35 2.35 20 44.60 166 0.31 0.60 0.80 F 35 C
2021-11-27 18:51:35.37 24.0718 121.6320 28.53 1.84 32 3.00 100 0.34 0.80 0.40 F 56 B
2021-11-27 19:42:08.93 23.7460 121.5312 8.75 1.42 13 4.50 123 0.20 0.70 0.40 F 17 B
2021-11-27 20:13:29.71 23.7588 121.5145 9.88 1.32 16 5.80 92 0.22 0.50 0.50 F 26 B
2021-11-27 20:29:23.03 23.7908 121.4923 15.13 0.93 9 5.70 55 0.24 1.20 0.90 F 13 A
2021-11-27 21:47:06.51 23.7762 121.4423 11.40 1.31 14 4.00 103 0.30 0.80 0.60 F 23 B
2021-11-27 22:43:26.23 23.7268 121.9613 31.24 2.68 51 41.20 85 0.39 0.30 0.80 F 96 C
2021-11-27 23:42:12.04 23.8018 121.3842 17.91 1.58 20 5.90 68 0.35 0.70 1.00 F 34 A
2021-11-28 01:24:35.39 24.1105 121.4117 60.90 2.52 26 9.90 61 0.34 0.60 0.50 F 50 B
2021-11-28 02:32:21.35 23.7402 121.6865 38.18 3.12 80 13.70 71 0.32 0.30 0.30 F 129 B
2021-11-28 04:09:40.34 23.8242 121.4542 9.65 2.82 68 1.90 61 0.33 0.20 0.20 F 125 B
2021-11-28 04:38:37.00 24.0957 121.6982 59.50 2.55 21 13.60 191 0.38 1.70 1.30 F 39 D
2021-11-28 09:13:12.25 24.2435 121.3718 7.65 2.64 69 11.90 30 0.30 0.10 0.20 F 132 B
2021-11-28 13:16:38.39 24.1980 121.7378 48.96 2.16 42 12.20 91 0.30 0.80 0.80 F 73 B
2021-11-28 15:21:55.30 23.8437 121.4397 65.16 2.67 27 3.50 167 0.46 1.60 1.40 F 54 C
2021-11-28 15:54:19.75 23.7088 121.4647 8.00 2.77 86 5.80 110 0.42 0.20 0.20 F 172 C
2021-11-28 23:11:27.64 24.1918 121.6692 32.24 4.61 99 6.00 30 0.30 0.20 0.10 F 266 B
2021-11-28 23:13:01.77 24.1897 121.6617 32.14 2.66 30 5.20 173 0.25 0.40 0.40 F 57 C
2021-11-29 01:10:56.85 24.1855 121.6508 30.36 2.41 38 4.10 79 0.33 0.40 0.40 F 67 B
2021-11-29 05:15:09.11 23.8072 121.4232 14.86 2.51 47 1.90 79 0.30 0.20 0.20 F 94 B
2021-11-29 07:52:18.15 23.9068 121.4427 19.11 2.78 46 8.30 45 0.31 0.20 0.30 F 87 B
2021-11-29 10:05:45.51 23.7585 121.9853 37.26 2.30 31 42.30 94 0.44 0.70 1.20 F 50 C
2021-11-29 22:16:11.21 23.6690 121.6160 40.95 2.03 19 8.20 234 0.42 0.90 0.50 F 31 D
2021-11-30 03:31:32.33 24.2557 121.6712 10.89 1.87 11 8.80 197 0.29 0.90 0.60 F 21 D
2021-11-30 08:23:19.96 23.7298 121.6497 33.49 2.87 59 10.70 94 0.27 0.20 0.20 F 112 B
2021-11-30 09:36:47.16 23.8753 121.4233 18.16 2.37 39 7.30 88 0.30 0.20 0.20 F 74 B
2021-11-30 14:25:33.75 24.0920 121.8570 46.10 2.31 40 24.90 63 0.38 0.40 0.50 F 69 B
2021-11-30 19:59:36.10 23.8002 121.5723 27.98 3.08 97 1.70 59 0.33 0.20 0.20 F 177 B
2021-12-01 03:43:40.49 24.1840 121.7187 51.59 2.82 48 10.10 59 0.44 0.80 0.90 F 96 A
2021-12-01 05:11:16.41 23.8287 121.5490 22.88 1.84 16 4.80 151 0.29 0.80 0.90 F 32 C
2021-12-01 13:22:08.00 24.1673 121.8267 57.84 2.36 41 17.40 68 0.36 0.60 0.50 F 66 B
2021-12-01 14:37:45.56 23.8530 121.5823 46.72 2.29 35 6.00 86 0.43 0.80 0.70 F 53 B
2021-12-01 19:15:55.34 23.7853 121.7045 44.09 2.38 48 14.40 143 0.33 0.30 0.30 F 83 C
2021-12-02 00:13:48.75 24.1868 121.7352 42.11 3.11 61 11.80 50 0.34 0.30 0.40 F 113 B
2021-12-02 02:40:01.32 23.9672 121.6847 49.98 2.27 17 7.30 221 0.47 1.30 1.10 F 29 D
2021-12-02 02:59:34.42 23.5057 121.8858 37.58 2.57 24 41.20 117 0.49 0.90 1.60 F 40 C
2021-12-02 03:48:49.99 24.1370 121.6025 7.25 1.29 5 3.10 136 0.35 1.10 0.70 F 7 C
2021-12-02 05:44:58.94 24.0687 121.6483 27.72 2.99 57 4.60 83 0.30 0.30 0.30 F 95 B
2021-12-02 06:39:09.36 24.0702 121.6472 28.65 2.95 56 4.50 83 0.30 0.30 0.20 F 98 B
2021-12-02 07:36:50.47 24.2797 121.6825 5.03 1.62 15 6.00 187 0.28 0.60 0.60 F 23 C
2021-12-02 08:35:20.30 23.7430 121.4735 8.43 3.77 99 8.30 43 0.35 0.10 0.10 F 202 B
2021-12-02 12:04:00.15 23.9768 121.5888 38.69 2.50 42 2.50 72 0.33 0.40 0.50 F 77 B
2021-12-02 18:45:30.76 23.5803 121.5508 39.58 2.59 71 14.10 48 0.31 0.20 0.20 F 126 B
2021-12-02 19:13:12.95 23.9648 121.8477 42.74 2.31 42 23.90 113 0.40 0.40 0.60 F 70 C
2021-12-02 22:21:11.38 24.2037 121.7167 48.15 1.98 37 10.80 83 0.31 0.80 0.90 F 60 A
2021-12-02 23:13:03.70 24.1610 121.8837 47.20 2.70 42 23.80 56 0.35 0.40 0.40 F 77 B
2021-12-03 04:28:30.48 23.7508 121.3405 15.12 1.58 7 5.90 136 0.25 0.60 0.60 F 13 C
2021-12-03 06:04:53.53 24.1643 121.3768 64.31 2.44 17 10.90 75 0.34 0.60 0.50 F 30 B
2021-12-04 00:22:24.81 23.9220 121.8993 40.78 2.40 38 29.70 74 0.32 0.40 0.50 F 70 B
2021-12-04 00:44:49.22 23.8795 121.2500 17.14 1.88 18 11.20 46 0.32 0.40 0.60 F 31 B
2021-12-04 10:35:27.64 24.0890 121.3998 58.83 2.00 29 7.60 40 0.40 0.50 0.50 F 52 B
2021-12-04 12:07:26.04 23.8068 121.9117 38.99 1.97 26 33.30 107 0.39 0.40 0.70 F 42 C
2021-12-04 13:43:44.48 23.9020 121.4370 17.49 2.59 59 9.00 45 0.31 0.20 0.20 F 102 B
2021-12-04 16:24:20.83 23.9487 121.6122 43.23 2.52 75 2.90 63 0.37 0.40 0.30 F 138 B
2021-12-04 21:33:19.63 24.0028 121.7213 54.56 3.21 99 11.40 34 0.48 0.60 0.70 F 245 A
2021-12-05 09:39:59.51 23.7468 121.9437 21.58 2.77 37 50.60 112 0.36 0.60 2.10 F 64 D
2021-12-05 13:36:58.47 24.0830 121.7488 64.85 2.72 76 15.30 37 0.36 0.40 0.30 F 139 B
2021-12-05 14:31:25.74 24.1425 121.8242 52.81 2.19 42 20.50 92 0.29 0.40 0.40 F 84 B
2021-12-05 20:32:02.50 23.7198 121.4670 8.61 2.84 89 6.90 77 0.29 0.10 0.10 F 151 B
2021-12-06 02:20:55.24 23.8188 121.9058 36.70 2.64 51 32.40 45 0.36 0.30 0.40 F 94 B
2021-12-06 05:05:04.98 24.2847 121.9438 57.76 2.18 23 20.00 92 0.37 0.70 0.70 F 42 C
2021-12-06 05:28:25.10 23.7072 121.7770 32.32 2.36 36 23.40 105 0.33 0.50 0.50 F 58 C
2021-12-06 08:29:07.12 24.1438 121.6743 30.93 4.15 99 5.50 40 0.30 0.10 0.10 F 267 B
2021-12-06 08:31:44.71 24.1527 121.6625 29.97 3.24 89 4.10 51 0.28 0.20 0.20 F 162 B
2021-12-06 13:40:19.65 24.1870 121.9230 26.86 2.16 40 22.20 68 0.33 0.30 0.30 F 77 B
2021-12-06 14:54:11.41 23.8180 121.6198 42.23 2.45 61 6.70 71 0.33 0.30 0.30 F 114 B
2021-12-06 21:29:26.18 23.8418 121.4155 17.90 2.76 64 4.30 38 0.32 0.20 0.20 F 124 B
2021-12-07 02:00:44.49 23.8395 121.5347 26.67 2.46 43 6.40 67 0.35 0.70 0.50 F 75 A
2021-12-07 02:03:00.47 23.8392 121.5342 27.88 2.20 29 6.40 132 0.36 0.90 0.60 F 48 B
2021-12-07 03:00:49.97 24.1382 121.9547 23.58 2.62 19 28.10 97 0.43 1.20 1.10 F 26 B
2021-12-07 03:30:19.34 24.1408 121.6093 3.08 0.95 6 2.40 148 0.20 1.10 0.90 F 11 C
2021-12-07 03:31:26.80 24.1353 121.6155 3.39 1.68 8 2.70 127 0.22 1.00 0.80 F 13 B
2021-12-07 03:35:14.46 24.2598 121.6860 10.47 1.93 21 8.10 152 0.30 0.70 0.70 F 40 C
2021-12-07 04:20:59.50 23.6943 121.5272 4.84 1.76 14 2.60 135 0.35 0.90 1.00 F 24 B
2021-12-07 04:46:35.41 23.8973 121.4357 14.79 0.95 11 9.50 62 0.36 1.30 1.70 F 18 A
2021-12-07 05:19:23.67 23.8438 121.3655 13.44 1.49 15 8.50 72 0.23 0.70 1.20 F 21 A
2021-12-07 05:44:43.07 24.0955 121.5273 43.96 2.69 9 8.00 97 0.25 1.70 1.40 F 15 B
2021-12-07 06:12:44.95 23.8507 121.3700 12.36 1.07 6 8.40 127 0.20 0.70 1.30 F 11 B
2021-12-07 06:23:24.61 23.9052 121.4435 17.69 1.84 27 8.40 46 0.35 0.70 0.80 F 48 A
2021-12-07 06:49:25.82 23.8385 121.4100 17.06 2.00 30 4.30 73 0.34 0.60 0.70 F 51 A
2021-12-07 07:34:24.51 24.0607 121.6418 26.78 2.71 62 4.40 61 0.33 0.20 0.20 F 118 B
2021-12-07 07:38:27.83 24.2237 121.7473 45.47 2.29 35 9.30 68 0.31 0.80 1.00 F 53 A
2021-12-07 08:55:33.85 24.1887 121.5937 17.76 1.56 8 1.60 148 0.38 1.10 1.00 F 13 C
2021-12-07 09:32:49.86 24.1417 121.6187 5.47 1.88 19 1.90 166 0.30 0.60 0.40 F 33 C
2021-12-07 09:35:51.10 24.1408 121.6125 4.06 1.72 22 2.20 149 0.25 0.50 0.50 F 37 C
2021-12-07 09:43:42.19 23.5143 121.5783 39.75 2.95 52 15.90 103 0.31 0.30 0.40 F 88 C
2021-12-07 12:49:29.99 23.8600 121.4380 9.72 0.70 6 5.30 153 0.14 0.60 0.30 F 11 B
2021-12-07 15:08:35.32 23.7555 121.6033 36.84 1.97 24 5.50 132 0.27 0.90 0.80 F 43 B
2021-12-07 15:35:20.54 23.8270 121.9990 24.92 2.26 54 44.60 104 0.35 0.70 1.30 F 88 B
2021-12-07 19:05:43.64 23.8890 121.4090 13.68 1.13 12 9.10 113 0.31 1.20 1.80 F 18 B
2021-12-07 19:17:59.78 23.9338 121.9783 9.73 2.18 10 40.30 208 0.21 0.80 0.90 F 16 D
2021-12-07 19:18:06.56 23.7607 121.5553 7.91 2.25 48 3.10 165 0.27 0.20 0.10 F 82 C
2021-12-07 19:42:32.00 23.7093 121.9998 41.64 2.62 69 45.40 64 0.36 0.30 0.50 F 128 C
2021-12-07 19:52:42.20 23.5045 121.3418 33.77 2.11 28 1.20 47 0.33 0.50 0.50 F 48 B
2021-12-07 20:18:37.79 23.5935 121.4950 35.82 1.70 19 10.80 150 0.26 1.40 0.90 F 27 C
2021-12-07 20:33:55.70 23.5823 121.2835 9.11 1.12 13 9.80 75 0.29 0.60 1.10 F 23 B
2021-12-07 20:45:07.21 23.8485 121.4923 9.63 2.35 51 6.60 83 0.31 0.20 0.20 F 90 B
2021-12-07 20:45:48.88 23.9268 121.4233 16.63 1.31 17 8.30 44 0.33 0.90 0.90 F 28 A
2021-12-07 21:02:53.57 23.7517 121.5282 7.17 0.88 7 5.20 116 0.11 0.40 0.60 F 11 B
2021-12-07 21:09:16.79 23.7967 121.4527 11.71 0.90 9 2.00 149 0.18 1.10 0.60 F 12 C
2021-12-08 09:54:46.06 24.0775 121.5168 21.39 2.76 55 9.00 37 0.28 0.20 0.20 F 104 B
2021-12-08 19:11:15.08 24.2737 121.7648 11.29 2.34 49 6.70 114 0.25 0.30 0.20 F 83 B
2021-12-08 23:56:44.68 23.5877 121.5553 34.25 2.92 63 13.30 70 0.25 0.20 0.20 F 114 B
2021-12-09 01:10:53.57 23.8168 121.5975 6.74 2.25 37 4.80 190 0.33 0.20 0.20 F 65 D
2021-12-09 04:09:43.85 23.5473 121.9962 36.47 2.87 70 51.60 49 0.52 0.40 0.90 F 140 C
2021-12-09 09:09:31.68 23.7757 121.8777 40.82 2.06 27 31.50 92 0.34 0.60 0.70 F 46 C
2021-12-10 03:47:01.06 24.1527 121.6373 3.77 1.42 4 1.60 264 0.09 0.60 0.50 F 8 D
2021-12-10 21:47:59.94 23.8987 121.4403 17.91 2.52 53 9.10 46 0.32 0.20 0.30 F 92 B
2021-12-11 21:45:03.64 24.1518 121.7402 41.16 2.79 70 11.90 55 0.31 0.30 0.20 F 135 B
2021-12-12 00:10:56.42 24.1572 121.9115 45.87 2.15 28 23.50 118 0.32 0.40 0.70 F 46 C
2021-12-13 03:57:48.98 23.6915 121.9438 34.27 2.24 28 40.30 111 0.39 0.50 0.80 F 49 C
2021-12-13 07:14:08.06 23.7163 121.3673 19.45 2.63 51 1.90 45 0.26 0.20 0.20 F 96 B
2021-12-13 10:31:47.02 23.8238 121.9238 37.41 2.59 37 37.00 114 0.36 0.70 1.90 F 65 B
2021-12-13 18:23:44.15 23.8133 121.9465 36.41 2.52 59 39.20 69 0.37 0.40 0.40 F 111 C
2021-12-13 18:42:17.16 23.5527 121.8013 30.64 2.17 27 35.60 174 0.36 0.90 0.80 F 50 C
2021-12-14 11:28:33.78 23.9487 121.5865 37.25 2.68 74 4.00 43 0.30 0.20 0.20 F 135 B
2021-12-14 12:40:12.32 24.2623 121.8620 61.15 2.31 37 12.50 68 0.37 0.70 0.70 F 61 B
2021-12-14 17:33:56.90 24.1375 121.6193 52.72 2.48 56 2.30 80 0.37 0.70 0.70 F 112 A
2021-12-15 18:41:10.99 23.8703 121.4420 18.62 3.60 99 6.50 28 0.32 0.10 0.10 F 243 B
2021-12-16 01:38:09.86 24.0513 121.5070 19.02 3.57 99 9.60 27 0.34 0.10 0.20 F 215 B
2021-12-16 04:35:48.18 23.8748 121.4008 70.79 2.42 34 8.10 67 0.34 0.60 0.60 F 59 B
2021-12-16 08:51:13.89 24.2475 121.6873 28.69 2.59 43 9.10 95 0.29 0.30 0.30 F 78 B
2021-12-16 15:34:31.08 23.8650 121.4162 17.26 1.82 23 6.40 51 0.26 0.30 0.30 F 44 B
2021-12-17 00:26:42.97 23.9903 121.6177 31.82 2.12 13 9.70 110 0.24 1.60 1.40 F 19 B
2021-12-17 03:21:07.71 23.9555 121.5888 28.04 2.45 36 3.30 72 0.28 0.60 0.40 F 60 A
2021-12-17 03:24:23.00 23.9453 121.4260 16.06 1.77 11 7.20 101 0.23 0.40 0.30 F 21 B
2021-12-17 03:36:09.06 24.2228 121.6920 2.53 1.67 10 10.00 187 0.50 1.90 2.00 F 16 D
2021-12-17 03:37:20.99 24.2622 121.8400 13.52 1.64 9 10.50 227 0.31 1.40 1.50 F 16 D
2021-12-17 03:39:28.01 24.1400 121.6107 2.89 1.62 14 2.40 153 0.17 0.50 0.40 F 21 C
2021-12-17 03:48:12.16 23.8207 121.3907 18.16 1.80 16 5.30 67 0.35 0.80 1.00 F 29 A
2021-12-17 04:58:04.05 24.2530 121.8565 23.11 2.73 41 12.50 104 0.25 0.20 0.20 F 72 B
2021-12-17 05:49:36.62 23.7548 121.5152 11.14 1.83 15 6.00 94 0.25 0.60 0.50 F 26 B
2021-12-17 06:44:27.08 24.2293 121.8860 26.59 2.42 34 22.70 89 0.34 0.60 1.00 F 66 A
2021-12-17 06:59:10.34 23.7007 121.4352 9.15 2.27 34 3.60 104 0.27 0.20 0.10 F 61 B
2021-12-17 07:08:46.08 24.2632 121.8563 23.53 3.38 99 12.00 60 0.32 0.10 0.10 F 224 B
2021-12-17 07:42:29.46 24.2248 121.7112 11.50 2.13 29 9.90 181 0.28 0.60 0.40 F 45 D
2021-12-17 09:23:47.42 24.0970 121.5405 31.18 1.95 27 6.80 71 0.42 1.00 0.80 F 49 A
2021-12-17 09:37:21.27 24.1460 121.6302 4.89 1.58 8 1.50 182 0.30 1.10 0.80 F 15 D
2021-12-17 09:40:43.06 23.8675 121.6112 28.45 1.83 23 4.10 116 0.30 1.10 0.80 F 36 B
2021-12-17 12:02:04.94 23.7802 121.4948 11.40 1.64 23 6.50 70 0.33 0.70 0.50 F 37 A
2021-12-17 13:21:35.73 24.1405 121.4103 4.24 1.26 11 10.30 69 0.27 0.30 0.30 F 20 C
2021-12-17 17:14:30.73 23.7900 121.4447 15.38 1.50 21 2.50 79 0.29 0.80 0.50 F 31 A
2021-12-17 18:11:52.54 23.8958 121.4297 15.12 1.37 16 9.30 91 0.32 0.90 0.80 F 25 B
2021-12-17 19:18:58.81 23.8057 121.3785 16.61 1.71 26 6.40 65 0.36 0.60 0.30 F 48 A
2021-12-17 20:46:43.67 23.7822 121.3707 18.99 1.53 19 7.30 89 0.36 0.80 1.00 F 33 A
2021-12-17 22:58:03.36 24.0875 121.6430 27.48 2.24 39 3.90 88 0.33 0.30 0.30 F 64 B
2021-12-18 01:12:24.01 23.7623 121.5438 6.64 2.34 36 3.40 96 0.39 0.30 0.20 F 72 C
2021-12-18 05:39:18.11 24.1978 121.8563 23.32 2.20 32 18.80 90 0.24 0.50 0.40 F 55 A
2021-12-18 10:00:59.40 23.7530 121.4618 29.17 2.99 99 6.80 35 0.30 0.10 0.10 F 233 B
2021-12-18 14:46:23.08 23.9348 121.8345 51.70 2.34 18 22.90 246 0.27 0.80 0.60 F 32 C
2021-12-18 15:09:48.21 23.9885 121.6875 50.58 2.37 47 7.70 114 0.36 0.50 0.50 F 76 C
2021-12-18 17:03:41.52 24.2327 121.7903 54.60 2.26 40 9.30 96 0.35 0.60 0.60 F 66 C
2021-12-18 17:31:28.12 23.7965 121.4000 25.87 3.13 99 4.60 41 0.31 0.10 0.20 F 227 B
2021-12-18 21:34:46.10 23.8053 121.3993 23.63 2.73 99 4.30 36 0.27 0.10 0.20 F 191 B
2021-12-18 23:06:23.49 24.1925 121.5872 19.89 1.74 27 2.20 95 0.29 0.40 0.40 F 50 B
2021-12-19 10:20:29.52 24.0208 121.7368 11.25 2.05 32 13.50 203 0.36 0.90 0.50 F 53 D
2021-12-19 12:08:48.25 23.9287 121.4508 16.03 2.91 86 5.90 27 0.30 0.10 0.20 F 159 B
2021-12-19 15:20:00.10 24.1550 121.8177 61.21 2.08 38 18.30 91 0.38 0.60 0.60 F 66 C
2021-12-19 16:38:14.97 23.8172 121.7548 24.64 2.67 74 18.30 65 0.35 0.20 0.20 F 134 B
2021-12-19 19:08:10.10 24.0680 121.6505 27.00 2.52 70 4.90 81 0.33 0.20 0.20 F 134 B
2021-12-20 01:44:56.30 23.8837 121.4257 17.73 2.57 47 8.10 41 0.32 0.20 0.30 F 94 B
2021-12-20 02:01:46.84 24.1673 121.9255 31.06 2.51 39 26.10 77 0.40 0.70 0.70 F 78 A
2021-12-20 02:30:24.93 23.8645 121.9203 45.77 1.82 7 37.40 164 0.41 0.80 1.40 F 14 C
2021-12-20 03:39:22.44 24.2687 121.7280 54.60 2.57 25 6.80 77 0.38 1.10 1.30 F 42 A
2021-12-20 17:55:45.65 24.2577 121.7717 54.41 2.79 79 8.60 63 0.29 0.30 0.30 F 147 B
2021-12-21 07:33:41.01 23.5177 121.8083 19.34 2.79 71 34.00 106 0.35 0.30 0.60 F 132 C
2021-12-21 08:34:56.85 23.7055 121.6140 39.09 3.26 84 6.80 77 0.33 0.30 0.20 F 151 B
2021-12-21 09:19:22.75 23.5043 121.9337 33.04 2.47 32 45.40 132 0.60 1.10 2.40 F 53 C
2021-12-21 10:04:47.49 24.0627 121.2378 8.40 1.45 10 9.60 95 0.29 0.60 0.70 F 17 B
2021-12-21 11:07:36.79 23.5232 121.9337 16.97 3.11 77 44.40 118 0.38 0.30 0.90 F 133 C
2021-12-21 15:55:19.49 23.7465 121.9987 50.90 2.26 10 44.00 206 0.27 1.20 1.20 F 20 C
2021-12-21 20:18:13.86 23.9125 121.8523 5.26 2.20 31 25.30 115 0.35 0.40 0.40 F 53 C
2021-12-21 21:28:54.96 24.2462 121.7822 17.09 2.92 57 7.60 100 0.29 0.20 0.20 F 100 B
2021-12-22 01:07:48.12 23.9012 121.4445 19.11 3.86 99 8.60 27 0.34 0.10 0.20 F 278 B
2021-12-22 07:57:07.67 23.8657 121.7240 21.63 3.39 83 13.10 81 0.34 0.20 0.20 F 136 B
2021-12-22 11:08:41.37 23.9160 121.6975 24.28 3.75 99 9.80 39 0.35 0.10 0.10 F 249 B
2021-12-22 13:03:26.57 24.1878 121.6540 30.96 2.31 41 4.60 103 0.30 0.40 0.40 F 75 B
2021-12-22 15:25:11.98 24.1037 121.8777 43.92 2.71 74 26.10 41 0.29 0.20 0.20 F 135 B
2021-12-22 15:35:15.52 23.8885 121.4297 19.14 3.33 99 8.60 25 0.32 0.10 0.10 F 266 B
2021-12-23 06:55:49.75 23.6425 121.6973 31.12 2.70 61 16.90 48 0.40 0.30 0.30 F 122 B
2021-12-23 08:44:49.08 24.2640 121.7582 14.85 2.13 33 7.50 130 0.34 0.60 0.60 F 66 B
2021-12-23 08:45:48.56 23.9362 121.4395 18.09 2.53 45 6.30 40 0.35 0.20 0.30 F 83 B
2021-12-23 12:28:54.53 24.2553 121.7797 18.16 2.13 36 9.20 195 0.25 0.50 0.50 F 70 D
2021-12-23 14:37:45.70 23.9502 121.6455 30.48 1.38 14 6.80 124 0.27 0.80 0.60 F 20 B
2021-12-24 00:10:39.42 24.0878 121.6593 28.49 3.30 99 5.60 52 0.30 0.10 0.10 F 249 B
2021-12-24 01:02:44.49 23.8282 121.7072 48.38 2.92 62 13.60 75 0.37 0.40 0.30 F 113 B
2021-12-24 01:04:42.65 24.0880 121.6655 29.41 3.21 82 6.20 83 0.34 0.20 0.20 F 138 B
2021-12-25 01:51:18.08 24.2335 121.7663 34.40 2.44 46 8.40 103 0.30 0.30 0.20 F 79 C
2021-12-25 05:15:01.78 23.9902 121.4403 62.42 2.68 47 4.40 50 0.30 0.40 0.40 F 81 B
2021-12-25 08:11:59.45 23.9068 121.4440 17.73 2.69 57 8.20 46 0.28 0.20 0.20 F 109 B
2021-12-25 14:56:24.78 23.7782 121.9157 35.69 2.73 72 34.90 63 0.38 0.30 0.40 F 129 B
2021-12-26 03:36:59.64 23.8335 121.4175 16.91 1.50 6 3.40 107 0.23 0.50 0.40 F 10 B
2021-12-26 07:46:50.13 23.8685 121.6002 21.00 2.08 24 3.90 178 0.34 0.40 0.40 F 43 C
2021-12-26 09:54:33.33 24.2590 121.7650 16.37 2.37 45 5.60 113 0.22 0.20 0.20 F 88 B
2021-12-26 10:59:43.23 24.2588 121.6833 50.76 2.23 22 8.20 184 0.34 0.80 0.60 F 36 D
2021-12-26 12:44:32.51 24.1527 121.6903 51.98 3.11 73 6.90 54 0.32 0.30 0.30 F 122 B
2021-12-27 00:09:30.41 24.0212 121.7320 41.79 2.18 23 13.10 124 0.29 0.50 0.50 F 44 B
2021-12-27 00:37:09.29 23.6997 121.6837 47.39 2.52 30 13.90 66 0.37 0.90 1.10 F 60 A
2021-12-27 09:45:33.26 23.7100 121.6388 49.29 2.54 9 11.60 250 0.29 1.00 0.60 F 17 C
2021-12-27 12:49:35.63 23.7437 121.3862 17.75 2.38 58 2.90 50 0.32 0.20 0.20 F 108 B
2021-12-27 16:56:06.16 24.1967 121.6658 53.57 2.08 27 6.10 128 0.41 0.70 0.60 F 38 C
2021-12-27 18:14:23.66 24.2225 121.9068 37.43 2.90 77 18.60 78 0.32 0.30 0.30 F 125 B
2021-12-27 18:55:19.15 23.8832 121.4343 18.58 2.71 49 7.90 46 0.35 0.30 0.30 F 97 B
2021-12-28 02:29:59.12 23.8003 121.4340 13.47 2.71 57 1.50 43 0.28 0.20 0.20 F 110 B
2021-12-28 04:29:24.77 24.2792 121.6785 9.03 1.90 10 6.10 136 0.22 0.60 0.90 F 17 C
2021-12-28 07:18:42.21 23.8500 121.4325 15.68 3.32 95 4.30 26 0.34 0.20 0.20 F 166 B
2021-12-29 02:07:01.89 24.0432 121.5108 17.88 2.63 59 8.80 25 0.30 0.20 0.20 F 110 B
2021-12-29 11:34:46.39 23.8078 121.6873 41.63 2.25 64 13.70 91 0.38 0.70 0.90 F 115 B
2021-12-29 13:10:13.47 23.8192 121.7293 48.60 2.07 35 17.30 143 0.30 0.40 0.30 F 66 C
2021-12-29 14:51:54.27 23.5382 121.9618 20.62 3.00 99 46.30 84 0.36 0.20 0.50 F 241 C
2021-12-29 20:15:01.52 23.6720 121.6152 41.77 3.69 99 8.00 47 0.32 0.20 0.20 F 270 B
2021-12-29 22:31:03.32 24.0530 121.5267 15.96 2.69 56 8.50 66 0.30 0.20 0.20 F 101 B
2021-12-30 05:41:18.00 23.8113 121.6883 43.24 3.10 77 13.10 47 0.34 0.30 0.20 F 141 B
2021-12-30 12:59:35.54 23.8535 121.6623 46.77 2.04 59 8.30 69 0.43 0.40 0.40 F 108 B
2021-12-30 15:40:59.54 24.0658 121.6407 9.47 2.80 99 4.00 47 0.42 0.20 0.10 F 205 B
2021-12-30 16:36:54.03 24.0360 121.5037 18.25 2.83 99 7.90 21 0.30 0.10 0.10 F 213 B
2021-12-30 19:17:10.53 23.8055 121.4612 13.57 0.75 8 2.10 98 0.24 0.50 0.60 F 16 B
2021-12-30 21:34:43.37 24.0635 121.6150 10.09 1.88 23 2.20 160 0.29 0.40 0.30 F 40 C
2021-12-30 21:35:19.66 24.0635 121.6257 10.08 2.23 45 2.90 155 0.36 0.30 0.20 F 73 C
2021-12-30 23:17:57.09 24.0590 121.6275 10.52 2.90 76 3.40 74 0.35 0.20 0.20 F 121 B
2021-12-31 00:40:22.24 23.7970 121.9142 40.20 2.59 51 33.90 70 0.32 0.30 0.40 F 92 B
2021-12-31 00:41:05.91 23.7925 121.8660 41.92 2.34 22 30.90 155 0.34 0.60 0.70 F 39 C
2021-12-31 02:16:17.87 24.0655 121.6433 9.90 2.89 65 4.30 75 0.35 0.30 0.20 F 113 B
2021-12-31 02:16:23.60 24.0708 121.6225 10.17 2.85 11 2.10 204 0.26 0.40 0.20 F 18 C
2021-12-31 02:16:32.86 24.0700 121.6135 10.03 2.52 6 1.50 174 0.22 0.60 0.40 F 11 C
2021-12-31 02:17:03.76 24.0722 121.6233 11.12 1.97 10 2.10 168 0.27 0.60 0.40 F 20 C
2021-12-31 02:17:15.94 24.0743 121.6195 10.39 1.89 9 1.70 161 0.29 0.60 0.30 F 17 C
2021-12-31 02:22:50.04 24.2922 121.9037 51.36 1.98 10 21.20 103 0.39 0.60 0.60 F 20 C
2021-12-31 02:26:00.57 24.0713 121.6335 10.23 2.68 59 3.10 82 0.37 0.20 0.20 F 107 B
2021-12-31 02:49:36.66 24.0713 121.6475 9.00 2.86 74 4.50 74 0.35 0.20 0.10 F 142 B
2021-12-31 07:39:23.59 24.0660 121.6352 9.71 3.04 77 3.50 55 0.37 0.20 0.20 F 127 B
2021-12-31 07:39:31.54 24.0703 121.5935 8.47 2.34 4 1.70 178 0.11 1.10 0.60 F 8 D
2021-12-31 08:01:10.90 24.0605 121.6547 8.29 3.28 61 5.60 62 0.32 0.40 0.20 F 81 B
2021-12-31 08:01:14.02 24.0513 121.6698 8.05 3.96 99 7.40 90 0.37 0.20 0.10 F 168 B
2021-12-31 08:01:38.91 24.0717 121.5823 8.49 2.37 4 2.50 152 0.09 0.90 0.60 F 8 D
2021-12-31 08:01:43.04 24.0628 121.6098 8.49 2.48 5 2.10 220 0.20 1.20 1.00 F 10 D
2021-12-31 08:02:32.03 24.0647 121.6187 8.49 1.78 6 2.30 226 0.15 0.70 0.70 F 12 D
2021-12-31 08:02:40.96 24.0607 121.6238 8.47 1.77 7 3.00 186 0.18 0.70 0.80 F 13 D
2021-12-31 08:05:05.21 24.0523 121.6233 9.29 2.48 40 3.70 88 0.35 0.30 0.20 F 74 B
2021-12-31 08:05:29.97 24.0543 121.6238 10.14 2.34 27 3.50 166 0.34 0.40 0.30 F 52 C
2021-12-31 08:05:53.06 24.0672 121.6020 9.45 1.80 7 1.60 159 0.26 0.70 0.60 F 14 C
2021-12-31 08:05:58.16 24.0637 121.6195 8.96 1.74 5 2.50 227 0.17 1.10 0.70 F 10 D
2021-12-31 08:06:14.65 24.0480 121.6038 7.99 2.05 15 3.70 151 0.32 0.50 0.30 F 29 C
2021-12-31 08:06:54.62 24.0850 121.6068 7.69 0.56 3 0.50 213 0.01 0.10 0.10 F 6 D
2021-12-31 08:07:12.06 24.0637 121.6127 9.05 1.34 6 2.10 222 0.13 0.60 0.50 F 12 D
2021-12-31 08:11:17.34 23.8028 121.7293 51.21 2.10 8 17.00 283 0.26 1.30 0.60 F 15 C
2021-12-31 08:11:24.60 24.0583 121.6227 8.97 1.28 5 3.10 231 0.19 1.10 0.90 F 10 D
2021-12-31 11:32:03.56 24.0368 121.3842 69.54 2.97 99 3.40 19 0.32 0.20 0.20 F 210 B
