date time lat lon depth ML nstn dmin gap trms ERH ERZ fixed nph quality
2021-11-01 03:12:14.77 23.6503 121.6125 40.28 3.15 83 9.20 65 0.37 0.30 0.20 F 147 B
2021-11-01 09:20:47.03 23.8983 121.4372 25.70 3.06 99 9.30 24 0.28 0.10 0.20 F 191 B
2021-11-01 14:43:09.25 23.6020 121.7012 29.30 2.84 73 19.60 95 0.31 0.30 0.20 F 128 C
2021-11-01 14:47:47.47 23.8365 121.4740 13.06 1.48 7 4.30 101 0.19 0.40 0.40 F 14 B
2021-11-02 09:01:04.61 23.8543 121.5833 3.23 3.08 70 5.80 134 0.42 0.20 0.20 F 108 C
2021-11-02 23:34:07.64 24.0360 121.6580 39.30 3.00 77 7.40 47 0.35 0.30 0.30 F 130 B
2021-11-03 00:24:06.40 23.5420 121.3950 28.53 1.73 25 6.30 119 0.35 1.20 0.90 F 38 B
2021-11-03 01:24:49.91 24.2213 121.2423 10.26 1.42 21 2.90 54 0.40 0.60 0.70 F 38 A
2021-11-03 03:33:03.20 24.1447 121.6177 4.21 1.57 11 1.60 170 0.34 1.00 1.00 F 16 C
2021-11-03 07:39:44.20 24.2348 121.6927 7.57 2.02 32 9.90 110 0.27 0.50 0.40 F 51 B
2021-11-03 08:57:13.32 24.2607 121.6795 11.36 1.88 31 8.10 118 0.32 0.60 0.40 F 52 B
2021-11-03 09:06:20.94 24.0553 121.6145 10.25 1.74 29 3.10 96 0.36 0.90 0.60 F 43 B
2021-11-03 10:57:23.23 23.7995 121.6435 19.17 2.59 72 8.30 80 0.35 0.20 0.20 F 138 B
2021-11-03 11:22:46.51 23.8265 121.4737 12.02 1.34 17 3.60 72 0.35 0.80 0.70 F 29 A
2021-11-03 14:38:01.47 23.8672 121.4445 14.50 1.02 13 6.10 101 0.32 1.00 0.90 F 23 B
2021-11-03 15:01:14.35 23.8637 121.5212 14.44 0.88 14 9.40 91 0.42 1.30 1.20 F 22 B
2021-11-03 15:25:17.79 23.5877 121.2602 7.42 0.64 11 11.70 135 0.32 0.80 2.30 F 19 B
2021-11-03 16:13:09.69 23.8773 121.5183 10.03 1.30 15 9.00 84 0.24 0.50 0.80 F 25 A
2021-11-03 16:18:52.82 23.6180 121.2408 14.32 1.71 35 15.50 61 0.34 0.30 0.50 F 61 C
2021-11-03 16:26:14.35 23.7703 121.9325 29.99 2.02 23 37.70 109 0.30 0.80 0.90 F 37 B
2021-11-03 16:54:17.81 23.9432 121.4875 13.34 1.16 11 2.50 118 0.40 1.10 0.80 F 20 B
2021-11-03 16:58:41.43 23.7602 121.7122 40.92 1.78 23 15.50 135 0.37 1.40 1.70 F 36 B
2021-11-03 17:17:42.83 23.7032 121.5845 31.60 2.67 80 3.80 74 0.27 0.20 0.20 F 138 B
2021-11-03 18:32:15.63 23.7400 121.5565 6.09 1.46 17 3.70 135 0.23 0.20 0.20 F 25 C
2021-11-03 19:02:01.23 23.5403 121.5318 47.21 1.72 17 12.20 96 0.43 1.80 1.20 F 27 C
2021-11-03 19:12:16.47 23.8083 121.4768 8.36 0.51 7 3.60 110 0.23 0.40 0.30 F 12 B
2021-11-03 19:30:40.45 23.8278 121.4093 7.02 0.67 8 3.70 88 0.14 0.80 0.90 F 13 A
2021-11-03 19:46:15.54 23.8113 121.4667 8.59 0.89 7 2.60 113 0.27 0.90 0.60 F 14 B
2021-11-03 20:06:33.56 23.6553 121.5555 43.95 3.00 99 5.90 31 0.33 0.20 0.20 F 242 B
2021-11-03 20:11:29.67 23.9325 121.4535 17.92 1.23 11 5.40 77 0.32 1.10 1.20 F 20 A
2021-11-03 20:34:29.58 23.7080 121.4355 10.15 1.38 18 4.40 87 0.26 0.70 0.50 F 26 A
2021-11-03 20:49:57.53 23.7967 121.4398 6.25 0.53 7 1.70 91 0.05 0.30 0.20 F 10 B
2021-11-03 20:53:48.12 23.9743 121.5203 15.61 1.95 49 3.00 54 0.28 0.20 0.20 F 88 B
2021-11-03 20:56:34.91 23.9703 121.5207 17.65 1.61 22 2.90 81 0.38 0.70 0.90 F 40 A
2021-11-03 21:00:59.30 23.8952 121.4345 20.90 1.42 17 9.20 95 0.32 0.80 1.00 F 29 B
2021-11-03 21:17:31.82 23.8142 121.5435 7.69 1.97 44 3.50 72 0.32 0.20 0.20 F 79 B
2021-11-03 21:17:53.65 23.8082 121.5210 10.85 1.69 21 4.80 85 0.33 0.70 0.70 F 35 A
2021-11-03 21:18:49.63 24.1970 121.6517 30.47 2.75 74 5.20 72 0.30 0.30 0.30 F 124 B
2021-11-03 21:21:13.20 23.9688 121.5002 16.06 1.75 30 0.90 75 0.43 0.70 0.70 F 55 A
2021-11-03 21:32:22.31 23.7667 121.5090 10.38 1.32 21 5.90 81 0.27 0.50 0.60 F 34 A
2021-11-03 22:08:24.23 24.0760 121.4408 8.63 1.65 26 6.70 68 0.38 0.60 0.50 F 42 A
2021-11-03 22:09:32.79 23.8258 121.4067 17.88 1.62 29 3.90 59 0.39 0.70 0.80 F 50 A
2021-11-03 23:34:32.31 23.5507 121.4860 29.26 2.18 34 9.10 112 0.29 0.80 0.50 F 55 B
2021-11-04 04:52:32.77 23.8887 121.5717 20.36 2.62 50 3.50 88 0.30 0.30 0.30 F 89 B
2021-11-04 10:25:17.66 24.0487 121.6470 32.00 2.62 84 5.60 52 0.36 0.20 0.20 F 168 B
2021-11-04 14:22:41.81 24.1743 121.5102 5.44 0.78 4 4.60 127 0.12 0.90 0.90 F 8 B
2021-11-04 17:39:56.92 23.8508 121.7445 46.22 3.00 88 15.70 73 0.29 0.30 0.20 F 136 B
2021-11-04 19:56:07.79 24.0612 121.6215 23.98 2.56 68 2.80 87 0.29 0.20 0.20 F 123 B
2021-11-04 19:56:40.23 24.0687 121.6157 24.56 1.22 5 1.80 238 0.16 1.10 0.90 F 10 D
2021-11-04 20:05:25.36 23.9782 121.7898 47.13 2.79 79 17.90 50 0.27 0.30 0.20 F 139 B
2021-11-04 20:45:27.01 24.0557 121.6255 23.53 1.66 23 3.50 97 0.26 0.40 0.40 F 44 B
2021-11-05 02:03:55.45 23.9765 121.7825 47.06 3.57 99 17.20 36 0.30 0.20 0.20 F 227 B
2021-11-05 04:17:22.97 23.8025 121.4388 15.12 2.48 51 1.10 47 0.25 0.20 0.20 F 96 B
2021-11-05 07:34:47.92 24.2383 121.7352 61.69 2.75 66 7.80 50 0.34 0.30 0.30 F 113 B
2021-11-05 08:22:40.69 24.1205 121.6632 50.57 2.40 31 5.80 82 0.34 0.70 0.50 F 56 B
2021-11-05 09:50:29.57 23.8752 121.7383 54.93 2.08 37 20.30 123 0.40 0.50 0.40 F 67 C
2021-11-05 13:45:07.73 23.5038 121.5857 41.34 2.77 68 16.60 86 0.34 0.30 0.30 F 113 B
2021-11-05 21:35:48.49 23.9197 121.4542 19.69 3.50 99 6.40 25 0.32 0.10 0.10 F 265 B
2021-11-06 15:23:05.40 24.0830 121.5248 98.97 2.81 99 8.10 19 0.35 0.30 0.30 F 182 B
2021-11-06 20:51:03.42 23.8415 121.4505 17.43 1.73 26 3.40 73 0.34 0.40 0.50 F 52 B
2021-11-06 22:32:44.50 24.2987 121.9412 27.63 2.24 36 19.60 119 0.28 0.30 0.20 F 61 B
2021-11-07 09:39:35.91 23.8930 121.4447 16.20 2.37 49 9.00 48 0.27 0.20 0.20 F 87 B
2021-11-07 15:36:59.94 23.7568 121.5693 26.66 3.28 99 3.50 58 0.30 0.20 0.10 F 221 B
2021-11-07 19:30:20.12 23.5473 121.5765 42.14 3.17 99 16.70 34 0.32 0.20 0.10 F 294 B
2021-11-07 20:56:39.56 24.0675 121.6518 27.75 2.59 57 5.00 70 0.32 0.30 0.20 F 100 B
2021-11-07 21:41:04.51 23.6812 121.4048 27.82 2.40 52 2.70 42 0.36 0.30 0.30 F 93 B
2021-11-08 00:33:28.87 24.0343 121.5040 16.63 2.89 67 7.70 30 0.32 0.20 0.20 F 130 B
2021-11-08 03:33:40.87 24.1318 121.5928 4.90 1.87 13 4.20 118 0.36 0.50 0.40 F 22 C
2021-11-08 05:03:08.86 23.8262 121.9427 26.04 4.54 99 35.80 49 0.32 0.20 0.30 F 289 C
2021-11-08 09:49:35.98 24.1048 121.7180 55.63 2.90 63 11.30 103 0.32 0.40 0.40 F 107 C
2021-11-08 19:51:40.74 23.8535 121.5413 9.11 1.36 15 7.60 122 0.27 0.30 0.30 F 26 B
2021-11-09 00:40:49.40 23.9333 121.4662 20.27 3.55 99 4.50 26 0.26 0.10 0.20 F 211 B
2021-11-09 03:33:50.71 24.1437 121.6090 2.40 1.15 6 2.20 136 0.12 0.50 0.60 F 10 C
2021-11-09 07:24:14.27 24.0585 121.8515 48.03 2.21 28 25.20 68 0.43 0.70 0.80 F 44 B
2021-11-09 09:10:09.37 24.2780 121.6755 3.13 1.98 6 6.30 152 0.25 0.50 0.50 F 11 C
2021-11-09 09:30:04.73 23.8373 121.4137 14.37 0.85 3 4.00 277 0.07 0.70 0.50 F 6 D
2021-11-10 02:44:53.26 23.7162 121.5157 4.93 2.70 61 3.40 47 0.39 0.20 0.20 F 109 B
2021-11-10 04:10:51.27 23.7112 121.5138 5.31 3.00 96 3.40 73 0.34 0.10 0.10 F 183 B
2021-11-10 07:59:03.02 23.8625 121.8597 45.11 2.73 51 26.60 74 0.32 0.40 0.50 F 84 B
2021-11-10 10:50:04.97 23.9497 121.9337 36.97 2.04 28 32.70 118 0.32 0.40 0.50 F 48 C
2021-11-11 03:38:45.02 24.2782 121.7667 64.70 3.48 99 3.70 48 0.30 0.20 0.10 F 256 B
2021-11-11 09:57:09.94 24.1083 121.6678 55.97 2.33 50 7.10 89 0.44 0.80 1.00 F 100 A
2021-11-11 13:09:39.93 24.1955 121.6563 30.83 2.95 99 5.30 40 0.31 0.20 0.20 F 172 B
2021-11-11 17:14:06.06 23.9883 121.8328 42.70 2.57 78 22.40 68 0.40 0.60 0.80 F 144 A
2021-11-12 13:57:05.30 23.7073 121.9343 33.17 3.26 99 38.90 50 0.35 0.20 0.30 F 244 C
2021-11-12 14:03:55.27 24.0283 121.6220 24.92 2.43 58 6.00 90 0.31 0.20 0.20 F 107 B
2021-11-12 15:05:26.25 24.2340 121.8035 17.72 3.89 99 9.90 48 0.28 0.10 0.10 F 244 B
2021-11-12 15:06:32.90 24.2335 121.8040 18.09 2.27 29 12.50 199 0.21 0.30 0.20 F 57 C
2021-11-12 15:07:30.50 24.2318 121.8098 17.67 2.08 30 13.00 194 0.23 0.30 0.20 F 58 C
2021-11-12 15:11:48.53 24.2338 121.8085 17.46 3.21 99 10.20 46 0.28 0.10 0.10 F 211 B
2021-11-12 16:16:15.80 24.2298 121.8080 18.04 2.98 99 10.50 45 0.25 0.10 0.10 F 210 B
2021-11-12 16:41:55.61 24.1172 121.8103 25.83 1.65 19 19.60 224 0.37 0.70 0.70 F 38 D
2021-11-12 20:29:22.00 23.7727 121.6058 37.47 2.07 36 4.70 183 0.30 0.50 0.40 F 56 C
2021-11-13 02:43:32.72 24.0428 121.5792 34.59 2.36 40 5.00 74 0.26 0.40 0.40 F 72 B
2021-11-13 18:19:15.11 24.1988 121.6662 32.67 2.53 60 6.30 73 0.32 0.30 0.30 F 99 B
2021-11-13 19:28:38.89 24.1317 121.4965 36.89 1.93 14 8.50 98 0.31 0.60 0.60 F 19 C
2021-11-13 19:36:23.19 23.5853 121.8252 16.84 1.72 31 31.40 118 0.32 0.50 0.70 F 53 C
2021-11-13 22:03:54.42 23.8432 121.4387 17.07 3.23 84 3.50 47 0.33 0.20 0.20 F 144 B
2021-11-13 23:48:21.02 23.5253 121.9680 41.67 2.94 62 47.40 130 0.38 0.40 0.80 F 93 C
2021-11-14 02:41:56.97 23.6225 121.8063 38.62 3.12 77 28.00 59 0.34 0.40 0.30 F 124 B
2021-11-14 05:16:48.16 23.9418 121.4685 20.02 3.54 99 3.60 25 0.28 0.10 0.20 F 229 B
2021-11-14 06:28:43.65 24.2663 121.5037 50.61 2.56 41 7.00 51 0.31 0.40 0.40 F 73 B
2021-11-14 06:51:43.60 24.0688 121.6485 30.61 2.81 67 4.60 56 0.31 0.20 0.20 F 125 B
2021-11-14 08:05:02.66 23.6667 121.4842 38.68 2.15 21 11.50 165 0.33 0.60 0.40 F 40 C
2021-11-14 08:07:38.34 24.0842 121.6615 44.78 2.05 14 5.80 179 0.31 0.90 1.00 F 27 C
2021-11-14 08:24:55.16 23.9730 121.6963 37.36 2.61 54 8.40 53 0.30 0.30 0.20 F 102 B
2021-11-14 19:29:40.56 23.5480 121.6783 27.84 2.39 64 22.20 104 0.33 0.30 0.30 F 120 C
2021-11-14 20:52:56.99 24.0712 121.6428 30.74 2.85 99 4.00 49 0.34 0.20 0.20 F 183 B
2021-11-15 11:47:16.97 24.1985 121.6545 31.15 2.64 65 5.50 45 0.28 0.30 0.30 F 123 B
2021-11-15 13:41:39.87 23.5712 121.4883 41.46 2.31 44 10.90 170 0.38 0.50 0.30 F 71 C
2021-11-15 19:23:55.93 23.5483 121.4900 43.00 2.76 80 9.20 88 0.37 0.30 0.30 F 145 B
2021-11-16 19:10:34.10 23.7285 121.8342 24.13 2.63 69 28.40 39 0.33 0.30 0.40 F 124 C
2021-11-16 20:19:05.62 23.9308 121.4588 19.40 2.63 63 5.20 44 0.29 0.20 0.20 F 118 B
2021-11-17 04:01:20.11 23.7727 121.5287 8.26 2.53 47 3.80 105 0.32 0.20 0.20 F 80 C
2021-11-17 13:50:53.05 23.6612 121.4943 34.41 2.54 71 6.90 96 0.31 0.30 0.20 F 134 C
2021-11-17 14:34:34.01 23.7438 121.9032 35.74 3.36 99 35.00 48 0.38 0.30 0.30 F 181 B
2021-11-17 15:56:42.88 24.0880 121.8433 50.42 2.07 40 23.70 98 0.35 0.50 0.40 F 66 C
2021-11-17 19:39:40.30 23.5307 121.9165 29.00 1.94 19 45.90 144 0.33 0.90 1.50 F 35 C
2021-11-17 20:43:01.56 23.9492 121.7215 19.80 1.68 17 18.80 240 0.30 0.50 0.50 F 34 D
2021-11-18 03:38:04.02 23.8912 121.7082 21.84 3.41 99 10.90 39 0.34 0.20 0.10 F 196 B
2021-11-18 09:26:39.29 23.9350 121.6723 46.12 2.04 24 17.60 159 0.36 0.80 0.90 F 48 C
2021-11-18 16:44:28.49 23.6528 121.6690 44.28 3.55 99 13.80 46 0.31 0.20 0.10 F 243 B
2021-11-19 10:57:23.59 23.6527 121.3937 22.41 1.68 19 3.90 103 0.26 0.50 0.50 F 38 B
2021-11-19 20:04:58.31 24.2628 121.6973 30.94 2.84 99 7.20 42 0.27 0.10 0.10 F 193 B
2021-11-19 22:35:09.66 23.8395 121.4225 19.24 2.98 69 3.60 33 0.31 0.20 0.20 F 121 B
2021-11-20 00:06:52.93 23.8098 121.5718 26.40 2.27 28 2.60 183 0.32 0.40 0.40 F 50 D
2021-11-20 04:58:33.38 23.7138 121.5868 37.41 2.95 64 4.10 84 0.35 0.40 0.40 F 109 B
2021-11-20 07:07:07.56 24.0220 121.9355 42.14 2.48 20 34.30 107 0.34 0.90 1.80 F 38 B
2021-11-20 10:43:40.77 23.9852 121.6325 32.42 2.74 99 2.20 81 0.36 0.20 0.20 F 195 B
2021-11-20 15:15:25.03 24.1215 121.7067 8.54 2.40 42 9.40 197 0.34 0.30 0.30 F 74 D
2021-11-20 15:16:16.20 24.1323 121.6765 10.61 1.64 20 6.20 178 0.29 0.30 0.30 F 29 C
2021-11-20 16:33:50.68 24.2013 121.6882 47.53 2.14 42 8.20 83 0.32 0.50 0.40 F 72 B
2021-11-20 22:51:21.11 24.2600 121.7840 54.25 2.30 47 6.40 59 0.34 0.40 0.40 F 85 B
2021-11-21 07:30:32.61 24.1772 121.8353 24.82 2.92 60 16.90 94 0.30 0.30 0.30 F 99 C
2021-11-21 13:17:38.90 24.0143 121.8755 40.13 2.07 32 28.50 115 0.28 0.60 1.00 F 58 B
2021-11-21 13:53:01.55 24.0080 121.6343 41.20 2.79 78 4.20 52 0.34 0.40 0.30 F 145 B
2021-11-22 03:13:03.39 24.0722 121.6348 26.80 2.58 35 3.20 95 0.30 0.40 0.30 F 64 C
2021-11-22 05:45:30.89 24.2608 121.6872 9.54 1.91 24 8.00 168 0.34 0.40 0.70 F 45 C
2021-11-22 15:19:27.96 23.7468 121.6918 45.48 2.12 26 13.90 122 0.30 0.40 0.30 F 45 C
2021-11-22 16:35:17.21 24.1992 121.7800 38.65 2.93 86 15.00 48 0.31 0.30 0.20 F 150 B
2021-11-22 19:01:33.68 23.7573 121.2548 66.49 2.21 47 11.60 43 0.33 0.40 0.50 F 85 B
2021-11-23 12:26:40.84 24.2875 121.7405 16.29 2.24 36 2.40 144 0.25 0.40 0.20 F 61 C
2021-11-23 14:02:58.94 24.1087 121.6687 54.19 2.34 48 7.20 82 0.37 0.60 0.50 F 96 B
2021-11-23 15:25:46.00 23.9217 121.6352 39.31 2.57 58 3.90 120 0.33 0.40 0.40 F 116 C
2021-11-23 15:52:26.69 23.8893 121.7332 46.59 2.46 55 20.70 85 0.30 0.40 0.30 F 109 B
2021-11-23 19:03:28.03 24.0487 121.8917 45.39 2.40 55 29.40 63 0.35 0.40 0.50 F 100 B
2021-11-23 19:25:11.00 24.1917 121.8860 51.12 2.40 62 19.00 56 0.29 0.30 0.30 F 113 B
2021-11-23 19:27:51.05 23.6540 121.6993 32.44 2.42 48 16.60 94 0.30 0.30 0.30 F 77 C
2021-11-24 07:43:03.25 23.5258 121.5210 32.64 3.08 72 10.60 71 0.34 0.30 0.30 F 122 B
2021-11-24 11:40:16.75 23.8840 121.7290 21.12 3.21 99 13.10 42 0.29 0.10 0.10 F 239 B
2021-11-24 22:02:54.05 23.9317 121.4543 17.92 2.50 56 5.40 43 0.29 0.20 0.30 F 108 B
2021-11-25 12:11:01.10 23.5740 121.5998 37.66 2.08 20 20.10 232 0.23 0.60 0.60 F 34 C
2021-11-25 12:13:18.27 23.7302 121.3747 23.56 2.53 44 1.80 57 0.26 0.20 0.20 F 75 B
2021-11-25 13:29:34.41 24.2065 121.8773 52.78 2.92 99 17.20 40 0.36 0.20 0.20 F 175 B
2021-11-25 19:02:42.89 24.1253 121.4100 3.09 2.40 53 11.60 26 0.34 0.20 0.20 F 88 C
2021-11-26 05:35:23.09 24.0923 121.7477 23.23 2.69 48 14.60 91 0.26 0.20 0.20 F 90 B
2021-11-26 16:02:55.63 23.8408 121.4240 18.08 2.35 54 3.70 49 0.30 0.20 0.30 F 96 B
2021-11-26 18:16:44.89 23.7620 121.6765 40.26 2.05 22 11.90 228 0.31 0.70 0.60 F 41 D
2021-11-27 00:02:36.38 23.9302 121.6072 47.98 2.26 33 12.30 95 0.29 0.60 0.50 F 66 B
2021-11-27 00:34:22.39 23.7270 121.9528 38.59 2.42 32 40.30 101 0.41 0.60 0.90 F 64 C
2021-11-27 00:38:19.55 23.9693 121.4773 20.77 2.35 33 1.60 58 0.42 0.70 0.80 F 55 A
2021-11-27 01:26:32.34 23.7745 121.4698 11.85 1.04 6 5.10 145 0.25 1.50 0.90 F 10 C
2021-11-27 02:20:38.92 23.9337 121.4560 17.37 2.45 36 5.10 43 0.28 0.30 0.30 F 64 B
2021-11-27 03:21:32.06 23.6938 121.7463 34.28 2.47 33 20.30 103 0.32 0.50 0.40 F 52 C
2021-11-27 06:37:36.92 23.8715 121.4028 14.65 1.09 7 7.70 78 0.29 1.10 1.80 F 13 A
2021-11-27 06:51:07.04 23.8817 121.4145 15.22 1.43 11 8.20 119 0.23 0.80 1.30 F 18 B
2021-11-27 07:29:29.28 23.7648 121.6873 39.21 2.46 40 12.90 85 0.32 0.50 0.30 F 72 B
2021-11-27 07:55:24.72 24.0318 121.6847 45.08 2.19 33 9.80 101 0.33 0.90 0.90 F 50 C
2021-11-27 10:17:40.53 24.2362 121.9528 14.42 2.23 17 22.20 155 0.32 1.40 0.70 F 23 C
2021-11-27 10:54:41.72 24.1182 121.2675 32.62 2.05 12 14.50 116 0.23 0.60 0.50 F 18 B
2021-11-27 10:58:26.67 24.0517 121.6098 25.46 1.51 10 3.30 218 0.21 1.00 0.70 F 18 D
2021-11-27 10:58:46.31 24.2957 121.7325 1.72 1.72 18 3.80 133 0.35 0.70 0.40 F 27 B
2021-11-27 11:49:49.37 23.7015 121.5355 5.71 1.22 18 1.40 130 0.35 0.80 0.90 F 27 B
2021-11-27 12:14:31.37 24.2443 121.6792 57.59 2.33 26 9.90 106 0.27 0.70 0.60 F 39 B
2021-11-27 12:17:38.75 23.7662 121.5273 9.26 1.58 19 4.30 105 0.31 0.70 0.80 F 30 B
2021-11-27 12:19:18.79 24.1423 121.5015 5.32 1.71 26 7.40 61 0.37 0.30 0.50 F 47 C
2021-11-27 12:44:39.85 23.5868 121.2463 8.90 1.26 14 12.40 73 0.31 0.40 1.50 F 22 C
2021-11-27 12:46:46.42 23.7618 121.5332 10.20 1.51 15 4.10 119 0.25 0.70 0.70 F 23 B
2021-11-27 13:25:03.88 23.7762 121.4778 9.11 1.52 20 5.40 108 0.33 0.60 0.80 F 32 B
2021-11-27 13:34:01.24 24.0212 121.6982 33.16 3.20 99 10.00 37 0.34 0.20 0.20 F 209 B
2021-11-27 14:03:40.98 24.0983 121.5475 9.96 1.08 13 6.10 90 0.38 1.20 1.40 F 24 A
2021-11-27 14:15:08.52 24.1540 121.5062 8.52 1.61 26 6.40 54 0.35 0.50 0.70 F 50 A
2021-11-27 17:22:13.18 23.6918 121.5328 3.54 1.23 16 2.30 150 0.25 0.30 0.30 F 21 C
2021-11-27 18:45:13.36 23.9098 121.5142 10.61 2.11 42 6.50 69 0.29 0.20 0.30 F 74 B
2021-11-27 18:46:36.36 23.7158 121.9935 32.35 2.35 20 44.60 166 0.31 0.60 0.80 F 35 C
2021-11-27 18:51:35.37 24.0718 121.6320 28.53 1.84 32 3.00 100 0.34 0.80 0.40 F 56 B
2021-11-27 19:42:08.93 23.7460 121.5312 8.75 1.42 13 4.50 123 0.20 0.70 0.40 F 17 B
2021-11-27 20:13:29.71 23.7588 121.5145 9.88 1.32 16 5.80 92 0.22 0.50 0.50 F 26 B
2021-11-27 20:29:23.03 23.7908 121.4923 15.13 0.93 9 5.70 55 0.24 1.20 0.90 F 13 A
2021-11-27 21:47:06.51 23.7762 121.4423 11.40 1.31 14 4.00 103 0.30 0.80 0.60 F 23 B
2021-11-27 22:43:26.23 23.7268 121.9613 31.24 2.68 51 41.20 85 0.39 0.30 0.80 F 96 C
2021-11-27 23:42:12.04 23.8018 121.3842 17.91 1.58 20 5.90 68 0.35 0.70 1.00 F 34 A
2021-11-28 01:24:35.39 24.1105 121.4117 60.90 2.52 26 9.90 61 0.34 0.60 0.50 F 50 B
2021-11-28 02:32:21.35 23.7402 121.6865 38.18 3.12 80 13.70 71 0.32 0.30 0.30 F 129 B
2021-11-28 04:09:40.34 23.8242 121.4542 9.65 2.82 68 1.90 61 0.33 0.20 0.20 F 125 B
2021-11-28 04:38:37.00 24.0957 121.6982 59.50 2.55 21 13.60 191 0.38 1.70 1.30 F 39 D
2021-11-28 09:13:12.25 24.2435 121.3718 7.65 2.64 69 11.90 30 0.30 0.10 0.20 F 132 B
2021-11-28 13:16:38.39 24.1980 121.7378 48.96 2.16 42 12.20 91 0.30 0.80 0.80 F 73 B
2021-11-28 15:21:55.30 23.8437 121.4397 65.16 2.67 27 3.50 167 0.46 1.60 1.40 F 54 C
2021-11-28 15:54:19.75 23.7088 121.4647 8.00 2.77 86 5.80 110 0.42 0.20 0.20 F 172 C
2021-11-28 23:11:27.64 24.1918 121.6692 32.24 4.61 99 6.00 30 0.30 0.20 0.10 F 266 B
2021-11-28 23:13:01.77 24.1897 121.6617 32.14 2.66 30 5.20 173 0.25 0.40 0.40 F 57 C
2021-11-29 01:10:56.85 24.1855 121.6508 30.36 2.41 38 4.10 79 0.33 0.40 0.40 F 67 B
2021-11-29 05:15:09.11 23.8072 121.4232 14.86 2.51 47 1.90 79 0.30 0.20 0.20 F 94 B
2021-11-29 07:52:18.15 23.9068 121.4427 19.11 2.78 46 8.30 45 0.31 0.20 0.30 F 87 B
2021-11-29 10:05:45.51 23.7585 121.9853 37.26 2.30 31 42.30 94 0.44 0.70 1.20 F 50 C
2021-11-29 22:16:11.21 23.6690 121.6160 40.95 2.03 19 8.20 234 0.42 0.90 0.50 F 31 D
2021-11-30 03:31:32.33 24.2557 121.6712 10.89 1.87 11 8.80 197 0.29 0.90 0.60 F 21 D
2021-11-30 08:23:19.96 23.7298 121.6497 33.49 2.87 59 10.70 94 0.27 0.20 0.20 F 112 B
2021-11-30 09:36:47.16 23.8753 121.4233 18.16 2.37 39 7.30 88 0.30 0.20 0.20 F 74 B
2021-11-30 14:25:33.75 24.0920 121.8570 46.10 2.31 40 24.90 63 0.38 0.40 0.50 F 69 B
2021-11-30 19:59:36.10 23.8002 121.5723 27.98 3.08 97 1.70 59 0.33 0.20 0.20 F 177 B
2021-12-01 03:43:40.49 24.1840 121.7187 51.59 2.82 48 10.10 59 0.44 0.80 0.90 F 96 A
2021-12-01 05:11:16.41 23.8287 121.5490 22.88 1.84 16 4.80 151 0.29 0.80 0.90 F 32 C
2021-12-01 13:22:08.00 24.1673 121.8267 57.84 2.36 41 17.40 68 0.36 0.60 0.50 F 66 B
2021-12-01 14:37:45.56 23.8530 121.5823 46.72 2.29 35 6.00 86 0.43 0.80 0.70 F 53 B
2021-12-01 19:15:55.34 23.7853 121.7045 44.09 2.38 48 14.40 143 0.33 0.30 0.30 F 83 C
2021-12-02 00:13:48.75 24.1868 121.7352 42.11 3.11 61 11.80 50 0.34 0.30 0.40 F 113 B
2021-12-02 02:40:01.32 23.9672 121.6847 49.98 2.27 17 7.30 221 0.47 1.30 1.10 F 29 D
2021-12-02 02:59:34.42 23.5057 121.8858 37.58 2.57 24 41.20 117 0.49 0.90 1.60 F 40 C
2021-12-02 03:48:49.99 24.1370 121.6025 7.25 1.29 5 3.10 136 0.35 1.10 0.70 F 7 C
2021-12-02 05:44:58.94 24.0687 121.6483 27.72 2.99 57 4.60 83 0.30 0.30 0.30 F 95 B
2021-12-02 06:39:09.36 24.0702 121.6472 28.65 2.95 56 4.50 83 0.30 0.30 0.20 F 98 B
2021-12-02 07:36:50.47 24.2797 121.6825 5.03 1.62 15 6.00 187 0.28 0.60 0.60 F 23 C
2021-12-02 08:35:20.30 23.7430 121.4735 8.43 3.77 99 8.30 43 0.35 0.10 0.10 F 202 B
2021-12-02 12:04:00.15 23.9768 121.5888 38.69 2.50 42 2.50 72 0.33 0.40 0.50 F 77 B
2021-12-02 18:45:30.76 23.5803 121.5508 39.58 2.59 71 14.10 48 0.31 0.20 0.20 F 126 B
2021-12-02 19:13:12.95 23.9648 121.8477 42.74 2.31 42 23.90 113 0.40 0.40 0.60 F 70 C
2021-12-02 22:21:11.38 24.2037 121.7167 48.15 1.98 37 10.80 83 0.31 0.80 0.90 F 60 A
2021-12-02 23:13:03.70 24.1610 121.8837 47.20 2.70 42 23.80 56 0.35 0.40 0.40 F 77 B
2021-12-03 04:28:30.48 23.7508 121.3405 15.12 1.58 7 5.90 136 0.25 0.60 0.60 F 13 C
2021-12-03 06:04:53.53 24.1643 121.3768 64.31 2.44 17 10.90 75 0.34 0.60 0.50 F 30 B
2021-12-04 00:22:24.81 23.9220 121.8993 40.78 2.40 38 29.70 74 0.32 0.40 0.50 F 70 B
2021-12-04 00:44:49.22 23.8795 121.2500 17.14 1.88 18 11.20 46 0.32 0.40 0.60 F 31 B
2021-12-04 10:35:27.64 24.0890 121.3998 58.83 2.00 29 7.60 40 0.40 0.50 0.50 F 52 B
2021-12-04 12:07:26.04 23.8068 121.9117 38.99 1.97 26 33.30 107 0.39 0.40 0.70 F 42 C
2021-12-04 13:43:44.48 23.9020 121.4370 17.49 2.59 59 9.00 45 0.31 0.20 0.20 F 102 B
2021-12-04 16:24:20.83 23.9487 121.6122 43.23 2.52 75 2.90 63 0.37 0.40 0.30 F 138 B
2021-12-04 21:33:19.63 24.0028 121.7213 54.56 3.21 99 11.40 34 0.48 0.60 0.70 F 245 A
2021-12-05 09:39:59.51 23.7468 121.9437 21.58 2.77 37 50.60 112 0.36 0.60 2.10 F 64 D
2021-12-05 13:36:58.47 24.0830 121.7488 64.85 2.72 76 15.30 37 0.36 0.40 0.30 F 139 B
2021-12-05 14:31:25.74 24.1425 121.8242 52.81 2.19 42 20.50 92 0.29 0.40 0.40 F 84 B
2021-12-05 20:32:02.50 23.7198 121.4670 8.61 2.84 89 6.90 77 0.29 0.10 0.10 F 151 B
2021-12-06 02:20:55.24 23.8188 121.9058 36.70 2.64 51 32.40 45 0.36 0.30 0.40 F 94 B
2021-12-06 05:05:04.98 24.2847 121.9438 57.76 2.18 23 20.00 92 0.37 0.70 0.70 F 42 C
2021-12-06 05:28:25.10 23.7072 121.7770 32.32 2.36 36 23.40 105 0.33 0.50 0.50 F 58 C
2021-12-06 08:29:07.12 24.1438 121.6743 30.93 4.15 99 5.50 40 0.30 0.10 0.10 F 267 B
2021-12-06 08:31:44.71 24.1527 121.6625 29.97 3.24 89 4.10 51 0.28 0.20 0.20 F 162 B
2021-12-06 13:40:19.65 24.1870 121.9230 26.86 2.16 40 22.20 68 0.33 0.30 0.30 F 77 B
2021-12-06 14:54:11.41 23.8180 121.6198 42.23 2.45 61 6.70 71 0.33 0.30 0.30 F 114 B
2021-12-06 21:29:26.18 23.8418 121.4155 17.90 2.76 64 4.30 38 0.32 0.20 0.20 F 124 B
2021-12-07 02:00:44.49 23.8395 121.5347 26.67 2.46 43 6.40 67 0.35 0.70 0.50 F 75 A
2021-12-07 02:03:00.47 23.8392 121.5342 27.88 2.20 29 6.40 132 0.36 0.90 0.60 F 48 B
2021-12-07 03:00:49.97 24.1382 121.9547 23.58 2.62 19 28.10 97 0.43 1.20 1.10 F 26 B
2021-12-07 03:30:19.34 24.1408 121.6093 3.08 0.95 6 2.40 148 0.20 1.10 0.90 F 11 C
2021-12-07 03:31:26.80 24.1353 121.6155 3.39 1.68 8 2.70 127 0.22 1.00 0.80 F 13 B
2021-12-07 03:35:14.46 24.2598 121.6860 10.47 1.93 21 8.10 152 0.30 0.70 0.70 F 40 C
2021-12-07 04:20:59.50 23.6943 121.5272 4.84 1.76 14 2.60 135 0.35 0.90 1.00 F 24 B
2021-12-07 04:46:35.41 23.8973 121.4357 14.79 0.95 11 9.50 62 0.36 1.30 1.70 F 18 A
2021-12-07 05:19:23.67 23.8438 121.3655 13.44 1.49 15 8.50 72 0.23 0.70 1.20 F 21 A
2021-12-07 05:44:43.07 24.0955 121.5273 43.96 2.69 9 8.00 97 0.25 1.70 1.40 F 15 B
2021-12-07 06:12:44.95 23.8507 121.3700 12.36 1.07 6 8.40 127 0.20 0.70 1.30 F 11 B
2021-12-07 06:23:24.61 23.9052 121.4435 17.69 1.84 27 8.40 46 0.35 0.70 0.80 F 48 A
2021-12-07 06:49:25.82 23.8385 121.4100 17.06 2.00 30 4.30 73 0.34 0.60 0.70 F 51 A
2021-12-07 07:34:24.51 24.0607 121.6418 26.78 2.71 62 4.40 61 0.33 0.20 0.20 F 118 B
2021-12-07 07:38:27.83 24.2237 121.7473 45.47 2.29 35 9.30 68 0.31 0.80 1.00 F 53 A
2021-12-07 08:55:33.85 24.1887 121.5937 17.76 1.56 8 1.60 148 0.38 1.10 1.00 F 13 C
2021-12-07 09:32:49.86 24.1417 121.6187 5.47 1.88 19 1.90 166 0.30 0.60 0.40 F 33 C
2021-12-07 09:35:51.10 24.1408 121.6125 4.06 1.72 22 2.20 149 0.25 0.50 0.50 F 37 C
2021-12-07 09:43:42.19 23.5143 121.5783 39.75 2.95 52 15.90 103 0.31 0.30 0.40 F 88 C
2021-12-07 12:49:29.99 23.8600 121.4380 9.72 0.70 6 5.30 153 0.14 0.60 0.30 F 11 B
2021-12-07 15:08:35.32 23.7555 121.6033 36.84 1.97 24 5.50 132 0.27 0.90 0.80 F 43 B
2021-12-07 15:35:20.54 23.8270 121.9990 24.92 2.26 54 44.60 104 0.35 0.70 1.30 F 88 B
2021-12-07 19:05:43.64 23.8890 121.4090 13.68 1.13 12 9.10 113 0.31 1.20 1.80 F 18 B
2021-12-07 19:17:59.78 23.9338 121.9783 9.73 2.18 10 40.30 208 0.21 0.80 0.90 F 16 D
2021-12-07 19:18:06.56 23.7607 121.5553 7.91 2.25 48 3.10 165 0.27 0.20 0.10 F 82 C
2021-12-07 19:42:32.00 23.7093 121.9998 41.64 2.62 69 45.40 64 0.36 0.30 0.50 F 128 C
2021-12-07 19:52:42.20 23.5045 121.3418 33.77 2.11 28 1.20 47 0.33 0.50 0.50 F 48 B
2021-12-07 20:18:37.79 23.5935 121.4950 35.82 1.70 19 10.80 150 0.26 1.40 0.90 F 27 C
2021-12-07 20:33:55.70 23.5823 121.2835 9.11 1.12 13 9.80 75 0.29 0.60 1.10 F 23 B
2021-12-07 20:45:07.21 23.8485 121.4923 9.63 2.35 51 6.60 83 0.31 0.20 0.20 F 90 B
2021-12-07 20:45:48.88 23.9268 121.4233 16.63 1.31 17 8.30 44 0.33 0.90 0.90 F 28 A
2021-12-07 21:02:53.57 23.7517 121.5282 7.17 0.88 7 5.20 116 0.11 0.40 0.60 F 11 B
2021-12-07 21:09:16.79 23.7967 121.4527 11.71 0.90 9 2.00 149 0.18 1.10 0.60 F 12 C
2021-12-08 09:54:46.06 24.0775 121.5168 21.39 2.76 55 9.00 37 0.28 0.20 0.20 F 104 B
2021-12-08 19:11:15.08 24.2737 121.7648 11.29 2.34 49 6.70 114 0.25 0.30 0.20 F 83 B
2021-12-08 23:56:44.68 23.5877 121.5553 34.25 2.92 63 13.30 70 0.25 0.20 0.20 F 114 B
2021-12-09 01:10:53.57 23.8168 121.5975 6.74 2.25 37 4.80 190 0.33 0.20 0.20 F 65 D
2021-12-09 04:09:43.85 23.5473 121.9962 36.47 2.87 70 51.60 49 0.52 0.40 0.90 F 140 C
2021-12-09 09:09:31.68 23.7757 121.8777 40.82 2.06 27 31.50 92 0.34 0.60 0.70 F 46 C
2021-12-10 03:47:01.06 24.1527 121.6373 3.77 1.42 4 1.60 264 0.09 0.60 0.50 F 8 D
2021-12-10 21:47:59.94 23.8987 121.4403 17.91 2.52 53 9.10 46 0.32 0.20 0.30 F 92 B
2021-12-11 21:45:03.64 24.1518 121.7402 41.16 2.79 70 11.90 55 0.31 0.30 0.20 F 135 B
2021-12-12 00:10:56.42 24.1572 121.9115 45.87 2.15 28 23.50 118 0.32 0.40 0.70 F 46 C
2021-12-13 03:57:48.98 23.6915 121.9438 34.27 2.24 28 40.30 111 0.39 0.50 0.80 F 49 C
2021-12-13 07:14:08.06 23.7163 121.3673 19.45 2.63 51 1.90 45 0.26 0.20 0.20 F 96 B
2021-12-13 10:31:47.02 23.8238 121.9238 37.41 2.59 37 37.00 114 0.36 0.70 1.90 F 65 B
2021-12-13 18:23:44.15 23.8133 121.9465 36.41 2.52 59 39.20 69 0.37 0.40 0.40 F 111 C
2021-12-13 18:42:17.16 23.5527 121.8013 30.64 2.17 27 35.60 174 0.36 0.90 0.80 F 50 C
2021-12-14 11:28:33.78 23.9487 121.5865 37.25 2.68 74 4.00 43 0.30 0.20 0.20 F 135 B
2021-12-14 12:40:12.32 24.2623 121.8620 61.15 2.31 37 12.50 68 0.37 0.70 0.70 F 61 B
2021-12-14 17:33:56.90 24.1375 121.6193 52.72 2.48 56 2.30 80 0.37 0.70 0.70 F 112 A
2021-12-15 18:41:10.99 23.8703 121.4420 18.62 3.60 99 6.50 28 0.32 0.10 0.10 F 243 B
2021-12-16 01:38:09.86 24.0513 121.5070 19.02 3.57 99 9.60 27 0.34 0.10 0.20 F 215 B
2021-12-16 04:35:48.18 23.8748 121.4008 70.79 2.42 34 8.10 67 0.34 0.60 0.60 F 59 B
2021-12-16 08:51:13.89 24.2475 121.6873 28.69 2.59 43 9.10 95 0.29 0.30 0.30 F 78 B
2021-12-16 15:34:31.08 23.8650 121.4162 17.26 1.82 23 6.40 51 0.26 0.30 0.30 F 44 B
2021-12-17 00:26:42.97 23.9903 121.6177 31.82 2.12 13 9.70 110 0.24 1.60 1.40 F 19 B
2021-12-17 03:21:07.71 23.9555 121.5888 28.04 2.45 36 3.30 72 0.28 0.60 0.40 F 60 A
2021-12-17 03:24:23.00 23.9453 121.4260 16.06 1.77 11 7.20 101 0.23 0.40 0.30 F 21 B
2021-12-17 03:36:09.06 24.2228 121.6920 2.53 1.67 10 10.00 187 0.50 1.90 2.00 F 16 D
2021-12-17 03:37:20.99 24.2622 121.8400 13.52 1.64 9 10.50 227 0.31 1.40 1.50 F 16 D
2021-12-17 03:39:28.01 24.1400 121.6107 2.89 1.62 14 2.40 153 0.17 0.50 0.40 F 21 C
2021-12-17 03:48:12.16 23.8207 121.3907 18.16 1.80 16 5.30 67 0.35 0.80 1.00 F 29 A
2021-12-17 04:58:04.05 24.2530 121.8565 23.11 2.73 41 12.50 104 0.25 0.20 0.20 F 72 B
2021-12-17 05:49:36.62 23.7548 121.5152 11.14 1.83 15 6.00 94 0.25 0.60 0.50 F 26 B
2021-12-17 06:44:27.08 24.2293 121.8860 26.59 2.42 34 22.70 89 0.34 0.60 1.00 F 66 A
2021-12-17 06:59:10.34 23.7007 121.4352 9.15 2.27 34 3.60 104 0.27 0.20 0.10 F 61 B
2021-12-17 07:08:46.08 24.2632 121.8563 23.53 3.38 99 12.00 60 0.32 0.10 0.10 F 224 B
2021-12-17 07:42:29.46 24.2248 121.7112 11.50 2.13 29 9.90 181 0.28 0.60 0.40 F 45 D
2021-12-17 09:23:47.42 24.0970 121.5405 31.18 1.95 27 6.80 71 0.42 1.00 0.80 F 49 A
2021-12-17 09:37:21.27 24.1460 121.6302 4.89 1.58 8 1.50 182 0.30 1.10 0.80 F 15 D
2021-12-17 09:40:43.06 23.8675 121.6112 28.45 1.83 23 4.10 116 0.30 1.10 0.80 F 36 B
2021-12-17 12:02:04.94 23.7802 121.4948 11.40 1.64 23 6.50 70 0.33 0.70 0.50 F 37 A
2021-12-17 13:21:35.73 24.1405 121.4103 4.24 1.26 11 10.30 69 0.27 0.30 0.30 F 20 C
2021-12-17 17:14:30.73 23.7900 121.4447 15.38 1.50 21 2.50 79 0.29 0.80 0.50 F 31 A
2021-12-17 18:11:52.54 23.8958 121.4297 15.12 1.37 16 9.30 91 0.32 0.90 0.80 F 25 B
2021-12-17 19:18:58.81 23.8057 121.3785 16.61 1.71 26 6.40 65 0.36 0.60 0.30 F 48 A
2021-12-17 20:46:43.67 23.7822 121.3707 18.99 1.53 19 7.30 89 0.36 0.80 1.00 F 33 A
2021-12-17 22:58:03.36 24.0875 121.6430 27.48 2.24 39 3.90 88 0.33 0.30 0.30 F 64 B
2021-12-18 01:12:24.01 23.7623 121.5438 6.64 2.34 36 3.40 96 0.39 0.30 0.20 F 72 C
2021-12-18 05:39:18.11 24.1978 121.8563 23.32 2.20 32 18.80 90 0.24 0.50 0.40 F 55 A
2021-12-18 10:00:59.40 23.7530 121.4618 29.17 2.99 99 6.80 35 0.30 0.10 0.10 F 233 B
2021-12-18 14:46:23.08 23.9348 121.8345 51.70 2.34 18 22.90 246 0.27 0.80 0.60 F 32 C
2021-12-18 15:09:48.21 23.9885 121.6875 50.58 2.37 47 7.70 114 0.36 0.50 0.50 F 76 C
2021-12-18 17:03:41.52 24.2327 121.7903 54.60 2.26 40 9.30 96 0.35 0.60 0.60 F 66 C
2021-12-18 17:31:28.12 23.7965 121.4000 25.87 3.13 99 4.60 41 0.31 0.10 0.20 F 227 B
2021-12-18 21:34:46.10 23.8053 121.3993 23.63 2.73 99 4.30 36 0.27 0.10 0.20 F 191 B
2021-12-18 23:06:23.49 24.1925 121.5872 19.89 1.74 27 2.20 95 0.29 0.40 0.40 F 50 B
2021-12-19 10:20:29.52 24.0208 121.7368 11.25 2.05 32 13.50 203 0.36 0.90 0.50 F 53 D
2021-12-19 12:08:48.25 23.9287 121.4508 16.03 2.91 86 5.90 27 0.30 0.10 0.20 F 159 B
2021-12-19 15:20:00.10 24.1550 121.8177 61.21 2.08 38 18.30 91 0.38 0.60 0.60 F 66 C
2021-12-19 16:38:14.97 23.8172 121.7548 24.64 2.67 74 18.30 65 0.35 0.20 0.20 F 134 B
2021-12-19 19:08:10.10 24.0680 121.6505 27.00 2.52 70 4.90 81 0.33 0.20 0.20 F 134 B
2021-12-20 01:44:56.30 23.8837 121.4257 17.73 2.57 47 8.10 41 0.32 0.20 0.30 F 94 B
2021-12-20 02:01:46.84 24.1673 121.9255 31.06 2.51 39 26.10 77 0.40 0.70 0.70 F 78 A
2021-12-20 02:30:24.93 23.8645 121.9203 45.77 1.82 7 37.40 164 0.41 0.80 1.40 F 14 C
2021-12-20 03:39:22.44 24.2687 121.7280 54.60 2.57 25 6.80 77 0.38 1.10 1.30 F 42 A
2021-12-20 17:55:45.65 24.2577 121.7717 54.41 2.79 79 8.60 63 0.29 0.30 0.30 F 147 B
2021-12-21 07:33:41.01 23.5177 121.8083 19.34 2.79 71 34.00 106 0.35 0.30 0.60 F 132 C
2021-12-21 08:34:56.85 23.7055 121.6140 39.09 3.26 84 6.80 77 0.33 0.30 0.20 F 151 B
2021-12-21 09:19:22.75 23.5043 121.9337 33.04 2.47 32 45.40 132 0.60 1.10 2.40 F 53 C
2021-12-21 10:04:47.49 24.0627 121.2378 8.40 1.45 10 9.60 95 0.29 0.60 0.70 F 17 B
2021-12-21 11:07:36.79 23.5232 121.9337 16.97 3.11 77 44.40 118 0.38 0.30 0.90 F 133 C
2021-12-21 15:55:19.49 23.7465 121.9987 50.90 2.26 10 44.00 206 0.27 1.20 1.20 F 20 C
2021-12-21 20:18:13.86 23.9125 121.8523 5.26 2.20 31 25.30 115 0.35 0.40 0.40 F 53 C
2021-12-21 21:28:54.96 24.2462 121.7822 17.09 2.92 57 7.60 100 0.29 0.20 0.20 F 100 B
2021-12-22 01:07:48.12 23.9012 121.4445 19.11 3.86 99 8.60 27 0.34 0.10 0.20 F 278 B
2021-12-22 07:57:07.67 23.8657 121.7240 21.63 3.39 83 13.10 81 0.34 0.20 0.20 F 136 B
2021-12-22 11:08:41.37 23.9160 121.6975 24.28 3.75 99 9.80 39 0.35 0.10 0.10 F 249 B
2021-12-22 13:03:26.57 24.1878 121.6540 30.96 2.31 41 4.60 103 0.30 0.40 0.40 F 75 B
2021-12-22 15:25:11.98 24.1037 121.8777 43.92 2.71 74 26.10 41 0.29 0.20 0.20 F 135 B
2021-12-22 15:35:15.52 23.8885 121.4297 19.14 3.33 99 8.60 25 0.32 0.10 0.10 F 266 B
2021-12-23 06:55:49.75 23.6425 121.6973 31.12 2.70 61 16.90 48 0.40 0.30 0.30 F 122 B
2021-12-23 08:44:49.08 24.2640 121.7582 14.85 2.13 33 7.50 130 0.34 0.60 0.60 F 66 B
2021-12-23 08:45:48.56 23.9362 121.4395 18.09 2.53 45 6.30 40 0.35 0.20 0.30 F 83 B
2021-12-23 12:28:54.53 24.2553 121.7797 18.16 2.13 36 9.20 195 0.25 0.50 0.50 F 70 D
2021-12-23 14:37:45.70 23.9502 121.6455 30.48 1.38 14 6.80 124 0.27 0.80 0.60 F 20 B
2021-12-24 00:10:39.42 24.0878 121.6593 28.49 3.30 99 5.60 52 0.30 0.10 0.10 F 249 B
2021-12-24 01:02:44.49 23.8282 121.7072 48.38 2.92 62 13.60 75 0.37 0.40 0.30 F 113 B
2021-12-24 01:04:42.65 24.0880 121.6655 29.41 3.21 82 6.20 83 0.34 0.20 0.20 F 138 B
2021-12-25 01:51:18.08 24.2335 121.7663 34.40 2.44 46 8.40 103 0.30 0.30 0.20 F 79 C
2021-12-25 05:15:01.78 23.9902 121.4403 62.42 2.68 47 4.40 50 0.30 0.40 0.40 F 81 B
2021-12-25 08:11:59.45 23.9068 121.4440 17.73 2.69 57 8.20 46 0.28 0.20 0.20 F 109 B
2021-12-25 14:56:24.78 23.7782 121.9157 35.69 2.73 72 34.90 63 0.38 0.30 0.40 F 129 B
2021-12-26 03:36:59.64 23.8335 121.4175 16.91 1.50 6 3.40 107 0.23 0.50 0.40 F 10 B
2021-12-26 07:46:50.13 23.8685 121.6002 21.00 2.08 24 3.90 178 0.34 0.40 0.40 F 43 C
2021-12-26 09:54:33.33 24.2590 121.7650 16.37 2.37 45 5.60 113 0.22 0.20 0.20 F 88 B
2021-12-26 10:59:43.23 24.2588 121.6833 50.76 2.23 22 8.20 184 0.34 0.80 0.60 F 36 D
2021-12-26 12:44:32.51 24.1527 121.6903 51.98 3.11 73 6.90 54 0.32 0.30 0.30 F 122 B
2021-12-27 00:09:30.41 24.0212 121.7320 41.79 2.18 23 13.10 124 0.29 0.50 0.50 F 44 B
2021-12-27 00:37:09.29 23.6997 121.6837 47.39 2.52 30 13.90 66 0.37 0.90 1.10 F 60 A
2021-12-27 09:45:33.26 23.7100 121.6388 49.29 2.54 9 11.60 250 0.29 1.00 0.60 F 17 C
2021-12-27 12:49:35.63 23.7437 121.3862 17.75 2.38 58 2.90 50 0.32 0.20 0.20 F 108 B
2021-12-27 16:56:06.16 24.1967 121.6658 53.57 2.08 27 6.10 128 0.41 0.70 0.60 F 38 C
2021-12-27 18:14:23.66 24.2225 121.9068 37.43 2.90 77 18.60 78 0.32 0.30 0.30 F 125 B
2021-12-27 18:55:19.15 23.8832 121.4343 18.58 2.71 49 7.90 46 0.35 0.30 0.30 F 97 B
2021-12-28 02:29:59.12 23.8003 121.4340 13.47 2.71 57 1.50 43 0.28 0.20 0.20 F 110 B
2021-12-28 04:29:24.77 24.2792 121.6785 9.03 1.90 10 6.10 136 0.22 0.60 0.90 F 17 C
2021-12-28 07:18:42.21 23.8500 121.4325 15.68 3.32 95 4.30 26 0.34 0.20 0.20 F 166 B
2021-12-29 02:07:01.89 24.0432 121.5108 17.88 2.63 59 8.80 25 0.30 0.20 0.20 F 110 B
2021-12-29 11:34:46.39 23.8078 121.6873 41.63 2.25 64 13.70 91 0.38 0.70 0.90 F 115 B
2021-12-29 13:10:13.47 23.8192 121.7293 48.60 2.07 35 17.30 143 0.30 0.40 0.30 F 66 C
2021-12-29 14:51:54.27 23.5382 121.9618 20.62 3.00 99 46.30 84 0.36 0.20 0.50 F 241 C
2021-12-29 20:15:01.52 23.6720 121.6152 41.77 3.69 99 8.00 47 0.32 0.20 0.20 F 270 B
2021-12-29 22:31:03.32 24.0530 121.5267 15.96 2.69 56 8.50 66 0.30 0.20 0.20 F 101 B
2021-12-30 05:41:18.00 23.8113 121.6883 43.24 3.10 77 13.10 47 0.34 0.30 0.20 F 141 B
2021-12-30 12:59:35.54 23.8535 121.6623 46.77 2.04 59 8.30 69 0.43 0.40 0.40 F 108 B
2021-12-30 15:40:59.54 24.0658 121.6407 9.47 2.80 99 4.00 47 0.42 0.20 0.10 F 205 B
2021-12-30 16:36:54.03 24.0360 121.5037 18.25 2.83 99 7.90 21 0.30 0.10 0.10 F 213 B
2021-12-30 19:17:10.53 23.8055 121.4612 13.57 0.75 8 2.10 98 0.24 0.50 0.60 F 16 B
2021-12-30 21:34:43.37 24.0635 121.6150 10.09 1.88 23 2.20 160 0.29 0.40 0.30 F 40 C
2021-12-30 21:35:19.66 24.0635 121.6257 10.08 2.23 45 2.90 155 0.36 0.30 0.20 F 73 C
2021-12-30 23:17:57.09 24.0590 121.6275 10.52 2.90 76 3.40 74 0.35 0.20 0.20 F 121 B
2021-12-31 00:40:22.24 23.7970 121.9142 40.20 2.59 51 33.90 70 0.32 0.30 0.40 F 92 B
2021-12-31 00:41:05.91 23.7925 121.8660 41.92 2.34 22 30.90 155 0.34 0.60 0.70 F 39 C
2021-12-31 02:16:17.87 24.0655 121.6433 9.90 2.89 65 4.30 75 0.35 0.30 0.20 F 113 B
2021-12-31 02:16:23.60 24.0708 121.6225 10.17 2.85 11 2.10 204 0.26 0.40 0.20 F 18 C
2021-12-31 02:16:32.86 24.0700 121.6135 10.03 2.52 6 1.50 174 0.22 0.60 0.40 F 11 C
2021-12-31 02:17:03.76 24.0722 121.6233 11.12 1.97 10 2.10 168 0.27 0.60 0.40 F 20 C
2021-12-31 02:17:15.94 24.0743 121.6195 10.39 1.89 9 1.70 161 0.29 0.60 0.30 F 17 C
2021-12-31 02:22:50.04 24.2922 121.9037 51.36 1.98 10 21.20 103 0.39 0.60 0.60 F 20 C
2021-12-31 02:26:00.57 24.0713 121.6335 10.23 2.68 59 3.10 82 0.37 0.20 0.20 F 107 B
2021-12-31 02:49:36.66 24.0713 121.6475 9.00 2.86 74 4.50 74 0.35 0.20 0.10 F 142 B
2021-12-31 07:39:23.59 24.0660 121.6352 9.71 3.04 77 3.50 55 0.37 0.20 0.20 F 127 B
2021-12-31 07:39:31.54 24.0703 121.5935 8.47 2.34 4 1.70 178 0.11 1.10 0.60 F 8 D
2021-12-31 08:01:10.90 24.0605 121.6547 8.29 3.28 61 5.60 62 0.32 0.40 0.20 F 81 B
2021-12-31 08:01:14.02 24.0513 121.6698 8.05 3.96 99 7.40 90 0.37 0.20 0.10 F 168 B
2021-12-31 08:01:38.91 24.0717 121.5823 8.49 2.37 4 2.50 152 0.09 0.90 0.60 F 8 D
2021-12-31 08:01:43.04 24.0628 121.6098 8.49 2.48 5 2.10 220 0.20 1.20 1.00 F 10 D
2021-12-31 08:02:32.03 24.0647 121.6187 8.49 1.78 6 2.30 226 0.15 0.70 0.70 F 12 D
2021-12-31 08:02:40.96 24.0607 121.6238 8.47 1.77 7 3.00 186 0.18 0.70 0.80 F 13 D
2021-12-31 08:05:05.21 24.0523 121.6233 9.29 2.48 40 3.70 88 0.35 0.30 0.20 F 74 B
2021-12-31 08:05:29.97 24.0543 121.6238 10.14 2.34 27 3.50 166 0.34 0.40 0.30 F 52 C
2021-12-31 08:05:53.06 24.0672 121.6020 9.45 1.80 7 1.60 159 0.26 0.70 0.60 F 14 C
2021-12-31 08:05:58.16 24.0637 121.6195 8.96 1.74 5 2.50 227 0.17 1.10 0.70 F 10 D
2021-12-31 08:06:14.65 24.0480 121.6038 7.99 2.05 15 3.70 151 0.32 0.50 0.30 F 29 C
2021-12-31 08:06:54.62 24.0850 121.6068 7.69 0.56 3 0.50 213 0.01 0.10 0.10 F 6 D
2021-12-31 08:07:12.06 24.0637 121.6127 9.05 1.34 6 2.10 222 0.13 0.60 0.50 F 12 D
2021-12-31 08:11:17.34 23.8028 121.7293 51.21 2.10 8 17.00 283 0.26 1.30 0.60 F 15 C
2021-12-31 08:11:24.60 24.0583 121.6227 8.97 1.28 5 3.10 231 0.19 1.10 0.90 F 10 D
2021-12-31 11:32:03.56 24.0368 121.3842 69.54 2.97 99 3.40 19 0.32 0.20 0.20 F 210 B
