2022050116 1.02724 0.00719349
2022050118 1.0138 0.028944
2022050120 1.01354 0.0284689
2022050122 1.01292 0.027417
2022050200 1.01282 0.0275169
2022050202 1.01266 0.0272092
2022050204 1.01228 0.0264983
2022050206 1.012 0.0259712
2022050208 1.01204 0.0259789
2022050210 1.01159 0.0251868
2022050212 1.01806 0.0160979
2022050214 1.01003 0.026657
2022050216 1.017 0.0169027
2022050218 1.00969 0.0291556
2022050220 1.01013 0.0299009
2022050222 1.00986 0.0293606
2022050300 1.00984 0.0292423
2022050302 1.00983 0.029075
2022050304 1.00982 0.0288697
2022050306 1.0099 0.0289458
2022050308 1.01004 0.0291453
2022050310 1.01034 0.0296071
2022050312 1.00978 0.0285093
2022050314 1.01038 0.0295242
2022050316 1.01018 0.0290719
2022050318 1.00977 0.0282788
2022050320 1.00974 0.0281837
2022050322 1.00983 0.0282683
2022050400 1.00971 0.028055
2022050402 1.00995 0.0284623
2022050404 1.01001 0.0285463
2022050406 1.01017 0.0287417
2022050408 1.01032 0.0289282
2022050410 1.0105 0.0292163
2022050412 1.01068 0.0291204
2022050414 1.01045 0.0286784
2022050416 1.01054 0.0288287
2022050418 1.0106 0.0288762
2022050420 1.01095 0.0294871
2022050422 1.01087 0.0292661
2022050500 1.01093 0.0293612
2022050502 1.01092 0.0292951
2022050504 1.01121 0.0297385
2022050506 1.01112 0.0295302
2022050508 1.0111 0.0294084
2022050510 1.01125 0.0296424
2022050512 1.01169 0.0303765
2022050514 1.01176 0.0304732
2022050516 1.01175 0.0303773
2022050518 1.01163 0.0301255
2022050520 1.01171 0.0302414
2022050522 1.01178 0.0303204
2022050600 1.01202 0.0307432
2022050602 1.01179 0.030226
2022050604 1.01198 0.0305602
2022050606 1.01198 0.0304311
2022050608 1.01221 0.0307976
2022050610 1.01229 0.0309081
2022050612 1.01251 0.0312428
2022050614 1.01269 0.0315872
2022050616 1.01288 0.0314146
2022050618 1.01275 0.0311457
2022050620 1.01274 0.0310781
2022050622 1.01262 0.0308613
2022050700 1.01262 0.0307704
2022050702 1.01256 0.0307056
2022050704 1.01255 0.0306504
2022050706 1.01275 0.0309496
2022050708 1.01299 0.031266
2022050710 1.01305 0.0313692
2022050712 1.01298 0.0312011
2022050714 1.01316 0.0314517
2022050716 1.01314 0.031372
2022050718 1.01333 0.0316292
2022050720 1.01289 0.0308807
2022050722 1.01301 0.0310344
2022050800 1.01295 0.0309545
2022050802 1.01294 0.0308574
2022050804 1.0129 0.0307955
2022050806 1.01313 0.031154
2022050808 1.01301 0.0309328
2022050810 1.01325 0.0313565
2022050812 1.01334 0.031522
2022050814 1.01351 0.0317791
2022050816 1.01344 0.0316854
2022050818 1.01335 0.0315318
2022050820 1.01332 0.0313464
2022050822 1.01309 0.0309337
2022050900 1.0131 0.031001
2022050902 1.01318 0.0311742
2022050904 1.01303 0.0308845
2022050906 1.01329 0.0313774
2022050908 1.01331 0.0314062
2022050910 1.01326 0.0312942
2022050912 1.01333 0.0314009
2022050914 1.01325 0.0312437
2022050916 1.0132 0.0311525
2022050918 1.01335 0.0313853
2022050920 1.01338 0.0314094
2022050922 1.01328 0.0312312
2022051000 1.01321 0.0310961
2022051002 1.01315 0.0309983
2022051004 1.01343 0.0314811
2022051006 1.0131 0.0309016
2022051008 1.01336 0.0313544
2022051010 1.01369 0.0319225
2022051012 1.01383 0.03214
2022051014 1.01391 0.0323001
2022051016 1.01391 0.0323524
2022051018 1.01381 0.0321737
2022051020 1.01366 0.031894
2022051022 1.01375 0.0320299
2022051100 1.01382 0.0321831
2022051102 1.01376 0.0320137
2022051104 1.01364 0.0317957
2022051106 1.01372 0.031971
2022051108 1.01385 0.0322425
2022051110 1.01387 0.032247
2022051112 1.01385 0.0323593
2022051114 1.01399 0.0325867
2022051116 1.01402 0.032629
2022051118 1.01412 0.0327883
2022051120 1.01405 0.032644
2022051122 1.01398 0.0324636
2022051200 1.01385 0.0322559
2022051202 1.01392 0.0323843
2022051204 1.01388 0.0322916
2022051206 1.01398 0.0324561
2022051208 1.01399 0.0324999
2022051210 1.01424 0.0329401
2022051212 1.01429 0.0330532
2022051214 1.0141 0.0327313
2022051216 1.01442 0.0332543
2022051218 1.01438 0.0331493
2022051220 1.01467 0.0336349
2022051222 1.01448 0.0333297
2022051300 1.0143 0.0329391
2022051302 1.01427 0.0329324
2022051304 1.01426 0.0329317
2022051306 1.01432 0.0329857
2022051308 1.01456 0.0333347
2022051310 1.01435 0.0329681
2022051312 1.01421 0.0326765
2022051314 1.0145 0.0332302
2022051316 1.01464 0.0335063
2022051318 1.01457 0.0333512
2022051320 1.01475 0.0336409
2022051322 1.01477 0.0336939
2022051400 1.01476 0.0336516
2022051402 1.0144 0.0330456
2022051404 1.01404 0.0323939
2022051406 1.0141 0.0325285
2022051408 1.01421 0.0327115
2022051410 1.01421 0.0325874
2022051412 1.01408 0.0323784
2022051414 1.01411 0.0324169
2022051416 1.01387 0.0320061
2022051418 1.0141 0.0323828
2022051420 1.01415 0.0321744
2022051422 1.01412 0.032112
2022051500 1.01404 0.0319654
2022051502 1.01417 0.0321871
2022051504 1.01424 0.0323107
2022051506 1.01416 0.0322085
2022051508 1.01384 0.0316655
2022051510 1.0136 0.031244
2022051512 1.01361 0.0312759
2022051514 1.01339 0.0309606
2022051516 1.01369 0.0314713
2022051518 1.01309 0.0304639
2022051520 1.01331 0.0308665
2022051522 1.01299 0.0302958
2022051600 1.01305 0.0303847
2022051602 1.01291 0.0301708
2022051604 1.01291 0.0301433
2022051606 1.013 0.0303321
2022051608 1.01274 0.0298833
2022051610 1.01272 0.0298238
2022051612 1.01244 0.0293595
2022051614 1.01278 0.0299908
2022051616 1.01276 0.0299882
2022051618 1.01276 0.0300287
2022051620 1.01249 0.0295651
2022051622 1.01258 0.0297615
2022051700 1.01238 0.0294292
2022051702 1.01226 0.0292179
2022051704 1.01211 0.0289443
2022051706 1.01226 0.0292121
2022051708 1.01231 0.0294183
2022051710 1.01231 0.0295198
2022051712 1.01226 0.0294278
2022051714 1.01233 0.0295437
2022051716 1.01222 0.029336
2022051718 1.01251 0.0298643
2022051720 1.01243 0.0297243
2022051722 1.01227 0.0294674
2022051800 1.01236 0.0296962
2022051802 1.0122 0.0293963
2022051804 1.01245 0.0288154
2022051806 1.01256 0.0290057
2022051808 1.01275 0.0293474
2022051810 1.01252 0.0289805
2022051812 1.01299 0.0298636
2022051814 1.01306 0.0299947
2022051816 1.01321 0.0302607
2022051818 1.0131 0.0301402
2022051820 1.01311 0.0301814
2022051822 1.0132 0.0303221
2022051900 1.01311 0.0302409
2022051902 1.013 0.0301218
2022051904 1.01288 0.0299879
2022051906 1.01315 0.0305389
2022051908 1.01359 0.0313654
2022051910 1.01371 0.0316202
2022051912 1.01402 0.0321603
2022051914 1.01406 0.0322452
2022051916 1.01395 0.0320655
2022051918 1.014 0.0321803
2022051920 1.01411 0.0324008
2022051922 1.01414 0.0324578
2022052000 1.014 0.0322688
2022052002 1.01404 0.0323616
2022052004 1.01388 0.0321139
2022052006 1.01394 0.0322969
2022052008 1.01429 0.032956
2022052010 1.01441 0.0332172
2022052012 1.01498 0.0342473
2022052014 1.01491 0.0341277
2022052016 1.01497 0.0342462
2022052018 1.015 0.0343095
2022052020 1.01503 0.0343523
2022052022 1.01497 0.0342481
2022052100 1.01498 0.0342646
2022052102 1.01475 0.0338763
2022052104 1.01477 0.0339265
2022052106 1.01466 0.0337572
2022052108 1.01462 0.0337159
2022052110 1.0148 0.0340979
2022052112 1.01493 0.0343498
2022052114 1.01499 0.0343921
2022052116 1.01478 0.0340249
2022052118 1.01462 0.0337754
2022052120 1.01434 0.0333015
2022052122 1.0144 0.0334043
2022052200 1.01415 0.0330074
2022052202 1.0141 0.0329517
2022052204 1.01399 0.0328035
2022052206 1.01431 0.0333791
2022052208 1.01451 0.0337523
2022052210 1.01437 0.0334413
2022052212 1.01455 0.0338063
2022052214 1.01462 0.0338983
2022052216 1.01459 0.0338598
2022052218 1.01426 0.0332921
2022052220 1.01423 0.0332526
2022052222 1.01418 0.0331707
2022052300 1.0141 0.0331379
2022052302 1.01413 0.0332523
2022052304 1.01456 0.034019
2022052306 1.01439 0.0337302
2022052308 1.01432 0.0337451
2022052310 1.01451 0.0341159
2022052312 1.01468 0.0344779
2022052314 1.01454 0.0346354
2022052316 1.01473 0.0349884
2022052318 1.01469 0.034935
2022052320 1.01455 0.0347019
2022052322 1.01447 0.0345335
2022052400 1.01451 0.0346261
2022052402 1.01434 0.0343239
2022052404 1.01466 0.0348727
2022052406 1.01458 0.0347807
2022052408 1.01472 0.0350663
2022052410 1.0149 0.0354038
2022052412 1.01482 0.0352737
2022052414 1.0147 0.0350407
2022052416 1.01464 0.034952
2022052418 1.01486 0.0352796
2022052420 1.01463 0.0348723
2022052422 1.01454 0.034706
2022052500 1.01459 0.0348482
2022052502 1.01506 0.0340509
2022052504 1.01506 0.0340801
2022052506 1.01487 0.0338069
2022052508 1.01504 0.034139
2022052510 1.01516 0.0343942
2022052512 1.01535 0.034783
2022052514 1.01504 0.0342875
2022052516 1.01517 0.0345685
2022052518 1.01523 0.0346911
2022052520 1.01516 0.0346163
2022052522 1.01528 0.0348173
2022052600 1.01525 0.0347762
2022052602 1.01534 0.0349304
2022052604 1.01524 0.0347804
2022052606 1.01528 0.0348901
2022052608 1.01531 0.034937
2022052610 1.01525 0.0348951
2022052612 1.01562 0.0355273
2022052614 1.01553 0.0354195
2022052616 1.0155 0.0353964
2022052618 1.01537 0.0351738
2022052620 1.01539 0.0352869
2022052622 1.01527 0.0350818
2022052700 1.0154 0.035291
2022052702 1.01531 0.0351424
2022052704 1.01523 0.0350292
2022052706 1.01524 0.0349412
2022052708 1.01531 0.0350911
2022052710 1.01536 0.0352195
2022052712 1.01552 0.0355027
2022052714 1.01556 0.0356497
2022052716 1.01553 0.0356381
2022052718 1.01535 0.0353208
2022052720 1.01516 0.0350065
2022052722 1.01553 0.0356492
2022052800 1.01554 0.0357013
2022052802 1.01542 0.0355515
2022052804 1.01536 0.0354698
2022052806 1.01567 0.0359922
2022052808 1.01563 0.0359783
2022052810 1.01568 0.0361134
2022052812 1.01591 0.0365443
2022052814 1.0161 0.036873
2022052816 1.01603 0.0367366
2022052818 1.01587 0.0364808
2022052820 1.01583 0.0364758
2022052822 1.01589 0.0366007
2022052900 1.0158 0.0364881
2022052902 1.01599 0.0368315
2022052904 1.0161 0.0370479
2022052906 1.01603 0.0368782
2022052908 1.01604 0.0368904
2022052910 1.01614 0.0371073
2022052912 1.0164 0.0376447
2022052914 1.01642 0.0376702
2022052916 1.01638 0.0376869
2022052918 1.0163 0.0375604
2022052920 1.01637 0.037724
2022052922 1.01639 0.037774
2022053000 1.01619 0.0374571
2022053002 1.01636 0.0378068
2022053004 1.01633 0.0377216
2022053006 1.01646 0.0379212
2022053008 1.01652 0.0379899
2022053010 1.01666 0.0382546
2022053012 1.01722 0.0392476
2022053014 1.01726 0.0393357
2022053016 1.01713 0.0390818
2022053018 1.01712 0.0390736
2022053020 1.01704 0.0388864
2022053022 1.01708 0.0389606
2022053100 1.01697 0.038721
2022053102 1.01721 0.0391245
2022053104 1.01704 0.0388409
2022053106 1.01718 0.0390858
2022053108 1.01688 0.0397226
2022053110 1.01741 0.0406138
2022053112 1.01718 0.0402587
2022053114 1.01725 0.0402242
2022053116 1.01726 0.0402558
2022053118 1.01717 0.0401156
2022053120 1.0173 0.0403429
2022053122 1.01727 0.0402637
2022060100 1.01735 0.0403725
2022060102 1.01744 0.0404787
2022060104 1.01718 0.0400253
2022060106 1.01717 0.0399837
2022060108 1.01736 0.0403323
2022060110 1.01754 0.0406616
2022060112 1.01777 0.041068
2022060114 1.01793 0.041331
2022060116 1.01793 0.0413554
2022060118 1.01793 0.0413677
2022060120 1.01801 0.0413233
2022060122 1.01786 0.0410143
2022060200 1.01779 0.04092
2022060202 1.01783 0.0410329
2022060204 1.01771 0.0408574
2022060206 1.01781 0.0410207
2022060208 1.01772 0.0410659
2022060210 1.01778 0.0412298
2022060212 1.01803 0.0416864
2022060214 1.01829 0.0421301
2022060216 1.01845 0.0423883
2022060218 1.01816 0.0418964
2022060220 1.0184 0.0422476
2022060222 1.01818 0.0418638
2022060300 1.01836 0.0421638
2022060302 1.01809 0.0416795
2022060304 1.01806 0.0415676
2022060306 1.01814 0.0416947
2022060308 1.0182 0.0417698
2022060310 1.01845 0.0421429
2022060312 1.0187 0.0425689
2022060314 1.01898 0.0429797
2022060316 1.01846 0.042085
2022060318 1.01877 0.0425519
2022060320 1.0187 0.0424244
2022060322 1.01852 0.0421328
2022060400 1.01849 0.042066
2022060402 1.01853 0.0420805
2022060404 1.01852 0.042051
2022060406 1.01872 0.0423287
2022060408 1.01845 0.0418286
2022060410 1.01875 0.0423664
2022060412 1.01896 0.0427324
2022060414 1.01905 0.0428962
2022060416 1.0189 0.0426249
2022060418 1.01878 0.042407
2022060420 1.01862 0.0421338
2022060422 1.0187 0.0422756
2022060500 1.01862 0.0421508
2022060502 1.01858 0.0420671
2022060504 1.01895 0.0426918
2022060506 1.01882 0.0424548
2022060508 1.01889 0.0425746
2022060510 1.01905 0.0428786
2022060512 1.01937 0.0434434
2022060514 1.01955 0.0437711
2022060516 1.01964 0.0439118
2022060518 1.01947 0.0435971
2022060520 1.01926 0.0432051
2022060522 1.01917 0.0430626
2022060600 1.01912 0.0430266
2022060602 1.01923 0.0432008
2022060604 1.01913 0.0430168
2022060606 1.01909 0.0431456
2022060608 1.01904 0.0430502
2022060610 1.01937 0.0436207
2022060612 1.01972 0.0441679
2022060614 1.01957 0.0438834
2022060616 1.01948 0.0436839
2022060618 1.01923 0.0432066
2022060620 1.01926 0.043297
2022060622 1.01926 0.043269
2022060700 1.01942 0.043574
2022060702 1.01947 0.0436095
2022060704 1.0195 0.043662
2022060706 1.01945 0.0435486
2022060708 1.01967 0.0439281
2022060710 1.01948 0.0435844
2022060712 1.01923 0.0431683
2022060714 1.01932 0.0432969
2022060716 1.01908 0.0428808
2022060718 1.01915 0.0428242
2022060720 1.01892 0.0424149
2022060722 1.01888 0.0423044
2022060800 1.01872 0.0421005
2022060802 1.01862 0.0420083
2022060804 1.01898 0.0413511
2022060806 1.01894 0.0412841
2022060808 1.01879 0.0410723
2022060810 1.01884 0.0411703
2022060812 1.01873 0.0409983
2022060814 1.01867 0.0409433
2022060816 1.01871 0.041062
2022060818 1.01843 0.0405811
2022060820 1.0183 0.0403836
2022060822 1.01832 0.0404366
2022060900 1.01828 0.0404072
2022060902 1.01838 0.0406069
2022060904 1.01867 0.0411724
2022060906 1.01855 0.0409636
2022060908 1.01868 0.0411877
2022060910 1.01871 0.0413099
2022060912 1.01876 0.0414192
2022060914 1.01872 0.0413731
2022060916 1.01888 0.0416489
2022060918 1.0187 0.0413899
2022060920 1.01888 0.0417273
2022060922 1.0188 0.0416487
2022061000 1.01888 0.0418297
2022061002 1.0188 0.0416919
2022061004 1.0188 0.0416953
2022061006 1.01865 0.0414989
2022061008 1.01892 0.0419752
2022061010 1.01878 0.0417464
2022061012 1.01906 0.0422593
2022061014 1.0191 0.0423712
2022061016 1.01894 0.0421351
2022061018 1.01886 0.0420301
2022061020 1.01886 0.0420819
2022061022 1.01889 0.0421924
2022061100 1.01885 0.0421518
2022061102 1.01883 0.0422754
2022061104 1.01887 0.0422721
2022061106 1.01892 0.0423781
2022061108 1.01893 0.0424868
2022061110 1.01916 0.0429058
2022061112 1.01951 0.0435335
2022061114 1.01931 0.0432052
2022061116 1.0193 0.0431878
2022061118 1.01935 0.0433324
2022061120 1.01923 0.0431374
2022061122 1.01911 0.042979
2022061200 1.01901 0.0428024
2022061202 1.01887 0.0425168
2022061204 1.01892 0.0424567
2022061206 1.01894 0.0425493
2022061208 1.01912 0.0428796
2022061210 1.01925 0.0431358
2022061212 1.01817 0.0449251
2022061214 1.01847 0.0454047
2022061216 1.01819 0.0449242
2022061218 1.01829 0.0448553
2022061220 1.01824 0.044654
2022061222 1.0182 0.0445534
2022061300 1.0181 0.0443473
2022061302 1.01809 0.0442873
2022061304 1.01825 0.0445463
2022061306 1.01825 0.0444484
2022061308 1.01831 0.0445235
2022061310 1.01842 0.0446633
2022061312 1.01878 0.0452622
2022061314 1.0188 0.0453146
2022061316 1.01918 0.0459225
2022061318 1.01926 0.0460591
2022061320 1.0194 0.0460028
2022061322 1.01906 0.0453558
2022061400 1.01915 0.0454934
2022061402 1.01876 0.0447802
2022061404 1.01872 0.0447391
2022061406 1.01877 0.0448126
2022061408 1.01879 0.0448251
2022061410 1.01882 0.0448705
2022061412 1.01908 0.0453343
2022061414 1.01919 0.0454925
2022061416 1.01911 0.0453051
2022061418 1.01908 0.0452655
2022061420 1.0192 0.0454425
2022061422 1.01919 0.0453985
2022061500 1.01915 0.045357
2022061502 1.01927 0.0455662
2022061504 1.01917 0.0453982
2022061506 1.01913 0.045308
2022061508 1.01922 0.0454463
2022061510 1.01928 0.04552
2022061512 1.01949 0.045911
2022061514 1.01947 0.045781
2022061516 1.01972 0.0461904
2022061518 1.01958 0.0459165
2022061520 1.01979 0.0462599
2022061522 1.01957 0.0458624
2022061600 1.01968 0.0460198
2022061602 1.01946 0.0456227
2022061604 1.01943 0.0455768
2022061606 1.01935 0.0454787
2022061608 1.01929 0.0453905
2022061610 1.01964 0.0459855
2022061612 1.0199 0.046358
2022061614 1.01974 0.0460858
2022061616 1.01963 0.0458472
2022061618 1.01946 0.0455464
2022061620 1.01954 0.0456982
2022061622 1.0194 0.0454649
2022061700 1.01943 0.0455181
2022061702 1.01944 0.0455447
2022061704 1.01944 0.0455863
2022061706 1.0195 0.0456766
2022061708 1.01947 0.0456585
2022061710 1.01955 0.0457866
2022061712 1.01979 0.0462436
2022061714 1.01981 0.0462937
2022061716 1.01994 0.0464924
2022061718 1.01973 0.0461653
2022061720 1.01976 0.0462171
2022061722 1.01972 0.0461497
2022061800 1.01954 0.0458499
2022061802 1.01959 0.0459805
2022061804 1.01946 0.0457212
2022061806 1.01933 0.0454837
2022061808 1.01941 0.0456206
2022061810 1.01964 0.0460154
2022061812 1.01995 0.0465316
2022061814 1.01977 0.0462604
2022061816 1.01992 0.0464894
2022061818 1.02009 0.0467737
2022061820 1.01995 0.0465235
2022061822 1.01993 0.046518
2022061900 1.02007 0.0467399
2022061902 1.02015 0.0468686
2022061904 1.02011 0.0467731
2022061906 1.02012 0.0467883
2022061908 1.02011 0.0467815
2022061910 1.02033 0.0471449
2022061912 1.02064 0.047677
2022061914 1.02087 0.0480757
2022061916 1.02098 0.0482376
2022061918 1.02073 0.0477886
2022061920 1.02083 0.0479117
2022061922 1.02067 0.047624
2022062000 1.02074 0.0476887
2022062002 1.02065 0.0474928
2022062004 1.02051 0.0472522
2022062006 1.02038 0.0470105
2022062008 1.02059 0.0473071
2022062010 1.02064 0.0474041
2022062012 1.02076 0.0476287
2022062014 1.02098 0.0479624
2022062016 1.02099 0.0479914
2022062018 1.02057 0.0473111
2022062020 1.02092 0.0479076
2022062022 1.02112 0.0482929
2022062100 1.02104 0.0481719
2022062102 1.02121 0.0484543
2022062104 1.02121 0.0484733
2022062106 1.02094 0.0480132
2022062108 1.02087 0.0478677
2022062110 1.021 0.0477359
2022062112 1.02111 0.0479153
2022062114 1.0212 0.0480691
2022062116 1.02132 0.04828
2022062118 1.02145 0.0485475
2022062120 1.02146 0.0485497
2022062122 1.0215 0.048611
2022062200 1.02132 0.0482497
2022062202 1.02112 0.0478898
2022062204 1.02121 0.0479982
2022062206 1.02085 0.047417
2022062208 1.02098 0.0476911
2022062210 1.02107 0.0478519
2022062212 1.02101 0.0477717
2022062214 1.02127 0.048195
2022062216 1.02119 0.0480695
2022062218 1.02131 0.0482683
2022062220 1.02115 0.0479718
2022062222 1.02142 0.0483816
2022062300 1.02173 0.0488838
2022062302 1.02169 0.0487957
2022062304 1.02136 0.048252
2022062306 1.02132 0.0482133
2022062308 1.02155 0.0486219
2022062310 1.02152 0.0485681
2022062312 1.02152 0.0485306
2022062314 1.02143 0.0488161
2022062316 1.02137 0.0487071
2022062318 1.02137 0.0487528
2022062320 1.0216 0.0482238
2022062322 1.02163 0.0483057
2022062400 1.02159 0.0482349
2022062402 1.02201 0.0489419
2022062404 1.0218 0.0485827
2022062406 1.02184 0.0486027
2022062408 1.02172 0.0484452
2022062410 1.02173 0.048511
2022062412 1.02207 0.0491018
2022062414 1.02225 0.0493638
2022062416 1.02232 0.0494785
2022062418 1.02229 0.0493446
2022062420 1.02197 0.0487535
2022062422 1.02192 0.0486554
2022062500 1.0217 0.0482988
2022062502 1.02188 0.0486168
2022062504 1.02176 0.0483957
2022062506 1.02178 0.0484293
2022062508 1.02189 0.0486352
2022062510 1.02197 0.0487816
2022062512 1.02208 0.0490232
2022062514 1.02232 0.0494552
2022062516 1.02213 0.0491374
2022062518 1.02209 0.0490529
2022062520 1.02204 0.0490249
2022062522 1.02197 0.0489333
2022062600 1.02201 0.0490241
2022062602 1.02201 0.0490388
2022062604 1.02181 0.048705
2022062606 1.02185 0.0487498
2022062608 1.02169 0.0484819
2022062610 1.02203 0.0490856
2022062612 1.02227 0.049461
2022062614 1.02254 0.0499324
2022062616 1.02247 0.0498405
2022062618 1.02225 0.0494806
2022062620 1.02235 0.0496207
2022062622 1.02235 0.0496129
2022062700 1.02223 0.0494412
2022062702 1.02237 0.0496109
2022062704 1.02219 0.0492807
2022062706 1.02224 0.0493296
2022062708 1.0222 0.0492841
2022062710 1.02233 0.0494922
2022062712 1.02261 0.0499443
2022062714 1.02251 0.0497935
2022062716 1.0227 0.050116
2022062718 1.02264 0.0499728
2022062720 1.02274 0.0501509
2022062722 1.02274 0.0501826
2022062800 1.02268 0.0500886
2022062802 1.02261 0.050001
2022062804 1.02258 0.0499641
2022062806 1.02254 0.0498948
2022062808 1.02265 0.0500535
2022062810 1.02273 0.0502276
2022062812 1.02303 0.0507206
2022062814 1.02299 0.0506349
2022062816 1.02301 0.0506902
2022062818 1.02282 0.0503775
2022062820 1.02281 0.0503649
2022062822 1.02265 0.0501017
2022062900 1.02279 0.0503773
2022062902 1.02303 0.0507969
2022062904 1.02289 0.0504955
2022062906 1.02269 0.0501853
2022062908 1.02286 0.0504816
2022062910 1.02293 0.0506311
2022062912 1.02314 0.0509956
2022062914 1.02302 0.0507847
2022062916 1.02313 0.0509537
2022062918 1.0229 0.0505239
2022062920 1.02277 0.0502298
2022062922 1.02265 0.0499945
2022063000 1.02254 0.0498059
2022063002 1.02258 0.0498808
2022063004 1.02248 0.0497182
2022063006 1.02252 0.0497819
2022063008 1.02268 0.0500156
2022063010 1.02279 0.0502312
2022063012 1.0229 0.0504877
2022063014 1.0231 0.0507984
2022063016 1.02304 0.0506126
2022063018 1.02293 0.0504103
2022063020 1.02273 0.0500206
2022063022 1.02237 0.0494056
2022070100 1.02238 0.0494759
2022070102 1.02236 0.0494512
2022070104 1.02224 0.0492557
2022070106 1.02231 0.0494448
2022070108 1.02255 0.049842
2022070110 1.02258 0.049935
2022070112 1.02286 0.0504651
2022070114 1.02297 0.0506681
2022070116 1.02259 0.0500287
2022070118 1.02275 0.0503228
2022070120 1.02265 0.0501695
2022070122 1.02292 0.0506229
2022070200 1.02251 0.049943
2022070202 1.02251 0.0499351
2022070204 1.02242 0.0498313
2022070206 1.02228 0.0496155
2022070208 1.02249 0.0499908
2022070210 1.02258 0.0502186
2022070212 1.02273 0.05046
2022070214 1.02267 0.0503846
2022070216 1.02277 0.0505503
2022070218 1.02269 0.0504396
2022070220 1.02265 0.0503827
2022070222 1.02241 0.0500071
2022070300 1.02248 0.0500889
2022070302 1.02233 0.0498605
2022070304 1.02218 0.0496186
2022070306 1.02232 0.0498271
2022070308 1.02221 0.0499235
2022070310 1.02266 0.0507294
2022070312 1.02289 0.0511393
2022070314 1.0229 0.0509978
2022070316 1.02283 0.0509081
2022070318 1.0227 0.0507028
2022070320 1.02271 0.0507758
2022070322 1.02284 0.0510244
2022070400 1.02278 0.0509224
2022070402 1.02286 0.0510741
2022070404 1.02273 0.0508129
2022070406 1.0227 0.0507442
2022070408 1.02261 0.0506244
2022070410 1.02305 0.0513797
2022070412 1.02315 0.0516177
2022070414 1.02291 0.0521777
2022070416 1.02279 0.0519907
2022070418 1.02272 0.0518457
2022070420 1.02256 0.0516478
2022070422 1.02265 0.0518397
2022070500 1.0225 0.0515833
2022070502 1.02273 0.0519352
2022070504 1.02251 0.0515467
2022070506 1.02256 0.051653
2022070508 1.02249 0.0515496
2022070510 1.02275 0.0519235
2022070512 1.02317 0.0526087
2022070514 1.02306 0.052412
2022070516 1.02293 0.0521638
2022070518 1.02287 0.0520624
2022070520 1.02286 0.0520462
2022070522 1.02269 0.051781
2022070600 1.02273 0.0518632
2022070602 1.02271 0.0518276
2022070604 1.02267 0.0517563
2022070606 1.02238 0.0512875
2022070608 1.02247 0.0514198
2022070610 1.02263 0.0517242
2022070612 1.02282 0.0520172
2022070614 1.02314 0.0525665
2022070616 1.02302 0.0523251
2022070618 1.02305 0.052372
2022070620 1.02295 0.0521579
2022070622 1.02395 0.0501438
2022070700 1.02376 0.0498409
2022070702 1.02381 0.0499966
2022070704 1.02363 0.0497375
2022070706 1.02368 0.0499243
2022070708 1.02376 0.0501131
2022070710 1.0239 0.0503979
2022070712 1.02441 0.0513077
2022070714 1.0245 0.0514715
2022070716 1.0244 0.0513724
2022070718 1.02444 0.0514913
2022070720 1.02445 0.0515082
2022070722 1.02454 0.0516332
2022070800 1.02413 0.0509871
2022070802 1.02426 0.0512404
2022070804 1.02402 0.0508437
2022070806 1.02388 0.0506164
2022070808 1.02407 0.0510205
2022070810 1.02434 0.051542
2022070812 1.02439 0.0516492
2022070814 1.02436 0.0516483
2022070816 1.02432 0.0516397
2022071108 1.02432 0.0515901
2022071110 1.02442 0.0518144
2022071112 1.02448 0.0519923
2022071114 1.02455 0.0522249
2022071116 1.0247 0.0525242
2022071118 1.02454 0.0522887
2022071120 1.02464 0.0525031
2022071122 1.02432 0.0520238
2022071200 1.02448 0.0523373
2022071202 1.02409 0.0517292
2022071204 1.02441 0.0523424
2022071206 1.02416 0.0519526
2022071208 1.02403 0.0517446
2022071210 1.02419 0.0520573
2022071212 1.02448 0.0526111
2022071214 1.02443 0.0526265
2022071216 1.0245 0.0527239
2022071218 1.02437 0.052527
2022071220 1.02419 0.0522706
2022071222 1.02415 0.052231
2022071300 1.02418 0.0523326
2022071302 1.02377 0.0527941
2022071304 1.02369 0.0526655
2022071306 1.02382 0.0529099
2022071308 1.02363 0.0526683
2022071310 1.0238 0.0529919
2022071312 1.02418 0.0536643
2022071314 1.02435 0.053974
2022071316 1.02437 0.0540642
2022071318 1.02415 0.0537418
2022071320 1.0243 0.0540133
2022071322 1.02431 0.0540535
2022071400 1.02409 0.0536632
2022071402 1.02393 0.0534213
2022071404 1.02385 0.0533199
2022071406 1.02383 0.0532937
2022071408 1.02386 0.0534196
2022071410 1.0241 0.0538549
2022071412 1.02432 0.0542688
2022071414 1.02436 0.0543585
2022071416 1.02462 0.054858
2022071418 1.02464 0.0548756
2022071420 1.02454 0.0547153
2022071422 1.02434 0.0543795
2022071500 1.02457 0.0548288
2022071502 1.02453 0.0548317
2022071504 1.0242 0.0542395
2022071506 1.02424 0.0543194
2022071508 1.02443 0.0546658
2022071510 1.02456 0.0548624
2022071512 1.02452 0.0548568
2022071514 1.02472 0.0551733
2022071516 1.02476 0.0552138
2022071518 1.0246 0.0549143
2022071520 1.02477 0.0551581
2022071522 1.02456 0.0548122
2022071600 1.02463 0.0549395
2022071602 1.0248 0.0552522
2022071604 1.02459 0.0549067
2022071606 1.02485 0.0553467
2022071608 1.02463 0.0549806
2022071610 1.02471 0.0551243
2022071612 1.02513 0.0558602
2022071614 1.02511 0.0557598
2022071616 1.025 0.0555849
2022071618 1.02483 0.0553254
2022071620 1.02412 0.0564437
2022071622 1.02403 0.0562897
2022071700 1.02424 0.0566633
2022071702 1.02421 0.0565639
2022071704 1.02413 0.0563584
2022071706 1.02406 0.056246
2022071708 1.02425 0.0556748
2022071710 1.02459 0.0562709
2022071712 1.02488 0.056725
2022071714 1.02491 0.0568285
2022071716 1.02501 0.0570149
2022071718 1.02493 0.0568668
2022071720 1.02502 0.0570299
2022071722 1.02478 0.0565936
2022071800 1.0246 0.0562786
2022071802 1.02461 0.0562937
2022071804 1.0243 0.0557287
2022071806 1.02434 0.0557921
2022071808 1.02443 0.0557621
2022071810 1.02457 0.0559545
2022071812 1.02483 0.056394
2022071814 1.02496 0.0566091
2022071816 1.0248 0.056333
2022071818 1.02462 0.0560114
2022071820 1.02464 0.0560407
2022071822 1.02477 0.0562286
2022071900 1.02461 0.0559637
2022071902 1.02464 0.056038
2022071904 1.02451 0.0558255
2022071906 1.02444 0.0557203
2022071908 1.02459 0.0560107
2022071910 1.0248 0.0564178
2022071912 1.02532 0.0573248
2022071914 1.02536 0.0574099
2022071916 1.02536 0.0574555
2022071918 1.02531 0.0574767
2022071920 1.02506 0.0570737
2022071922 1.02512 0.057105
2022072000 1.02506 0.056997
2022072002 1.02489 0.0567184
2022072004 1.02493 0.0567777
2022072006 1.02449 0.0561163
2022072008 1.02497 0.0569714
2022072010 1.02523 0.0574325
2022072012 1.02545 0.0578374
2022072014 1.02563 0.0581036
2022072016 1.02555 0.0579334
2022072018 1.02575 0.05828
2022072020 1.02553 0.0579151
2022072022 1.0253 0.0575274
2022072100 1.02531 0.0575625
2022072102 1.02527 0.0575599
2022072104 1.02491 0.0569335
2022072106 1.02488 0.056863
2022072108 1.02497 0.057015
2022072110 1.02517 0.0573536
2022072112 1.02529 0.0576451
2022072114 1.02553 0.0580517
2022072116 1.02549 0.0580404
2022072118 1.02542 0.0580248
2022072120 1.02571 0.0585111
2022072122 1.02558 0.0582704
2022072200 1.02564 0.0583164
2022072202 1.02541 0.0578939
2022072204 1.02532 0.0576891
2022072206 1.02604 0.0566376
2022072208 1.02599 0.0565772
2022072210 1.02631 0.0571142
2022072212 1.02627 0.0570942
2022072214 1.0264 0.0573123
2022072216 1.02631 0.0571711
2022072218 1.02622 0.0570355
2022072220 1.02613 0.0568888
2022072222 1.02614 0.0569269
2022072300 1.02593 0.0565898
2022072302 1.02583 0.0564002
2022072304 1.02568 0.0561691
2022072306 1.0258 0.0563732
2022072308 1.0257 0.0562253
2022072310 1.0262 0.0571214
2022072312 1.02641 0.0574674
2022072314 1.02646 0.057512
2022072316 1.02632 0.0572584
2022072318 1.02608 0.0569158
2022072320 1.02623 0.0565209
2022072322 1.02603 0.0561809
2022072400 1.02615 0.0563904
2022072402 1.02606 0.056259
2022072404 1.02583 0.0558623
2022072406 1.02591 0.0560177
2022072408 1.02435 0.058748
2022072410 1.02486 0.0595567
2022072412 1.02516 0.0600059
2022072414 1.02533 0.0601922
2022072416 1.02523 0.0599893
2022072418 1.02529 0.0600498
2022072420 1.02502 0.0595358
2022072422 1.02511 0.0596472
2022072500 1.02518 0.0596886
2022072502 1.02493 0.0592302
2022072504 1.0249 0.0590734
2022072506 1.02484 0.0588912
2022072508 1.02494 0.059048
2022072510 1.02555 0.0600412
2022072512 1.02566 0.0602197
2022072514 1.02583 0.0604904
2022072516 1.0259 0.0605439
2022072518 1.02587 0.060461
2022072520 1.02585 0.0603405
2022072522 1.02583 0.0601473
2022072600 1.02553 0.0595501
2022072602 1.02539 0.0592547
2022072604 1.02529 0.0590731
2022072606 1.02535 0.0591318
2022072608 1.0256 0.059545
2022072610 1.02587 0.0600134
2022072612 1.02595 0.0601214
2022072614 1.02589 0.0600644
2022072616 1.02575 0.0598288
2022072618 1.02594 0.0601203
2022072620 1.02571 0.0597013
2022072622 1.02547 0.0592639
2022072700 1.02544 0.0591523
2022072702 1.02562 0.0589854
2022072704 1.02537 0.0584699
2022072706 1.02531 0.0583836
2022072708 1.02546 0.0586854
2022072710 1.02574 0.059205
2022072712 1.02602 0.0596455
2022072714 1.02618 0.0598688
2022072716 1.02615 0.0597545
2022072718 1.02628 0.0599103
2022072720 1.02611 0.0595997
2022072722 1.02599 0.0593314
2022072800 1.02593 0.0591786
2022072802 1.02587 0.0590806
2022072804 1.02574 0.0588422
2022072806 1.02563 0.058674
2022072808 1.02569 0.0587942
2022072810 1.02598 0.0593204
2022072812 1.02624 0.0597328
2022072814 1.02623 0.0596335
2022072816 1.02612 0.0594154
2022072818 1.02607 0.0593187
2022072820 1.02595 0.0590906
2022072822 1.02601 0.0591398
2022072900 1.02598 0.0590938
2022072902 1.02602 0.059143
2022072904 1.02589 0.0589174
2022072906 1.02573 0.0586467
2022072908 1.02586 0.0588809
2022072910 1.02613 0.0593317
2022072912 1.02647 0.0599333
2022072914 1.02651 0.0599834
2022072916 1.02645 0.0598985
2022072918 1.02662 0.0601241
2022072920 1.02623 0.0594247
2022072922 1.02621 0.0592787
2022073000 1.02614 0.0591182
2022073002 1.02631 0.0593974
2022073004 1.02621 0.0592139
2022073006 1.02622 0.0592378
2022073008 1.02634 0.0594486
2022073010 1.02679 0.0601703
2022073012 1.02675 0.0601111
2022073014 1.02698 0.0604747
2022073016 1.02688 0.0602423
2022073018 1.02677 0.0600197
2022073020 1.0268 0.0600847
2022073022 1.0265 0.0595497
2022073100 1.02657 0.059646
2022073102 1.02655 0.0595717
2022073104 1.02633 0.0591524
2022073106 1.02653 0.0595484
2022073108 1.02666 0.0597411
2022073110 1.02693 0.0601938
2022073112 1.02722 0.0607319
2022073114 1.02737 0.060577
2022073116 1.02689 0.0597285
2022073118 1.02682 0.0596001
2022073120 1.02684 0.0594522
2022073122 1.02633 0.0585945
2022080100 1.02636 0.0586732
2022080102 1.0262 0.0584381
2022080104 1.02614 0.0582845
2022080106 1.0262 0.0584208
2022080108 1.0259 0.059049
2022080110 1.0259 0.0590747
2022080112 1.02626 0.0596796
2022080114 1.02621 0.0595691
2022080116 1.02605 0.0593163
2022080118 1.02614 0.0594398
2022080120 1.02596 0.0591495
2022080122 1.02592 0.0591493
2022080200 1.02595 0.059201
2022080202 1.0262 0.0586627
2022080204 1.02614 0.0585641
2022080206 1.02606 0.0584882
2022080208 1.02599 0.0583592
2022080210 1.02574 0.0579644
2022080212 1.0257 0.057979
2022080214 1.02559 0.0578012
2022080216 1.02584 0.0583127
2022080218 1.0257 0.0581003
2022080220 1.02564 0.0580757
2022080222 1.02566 0.0581618
2022080300 1.02551 0.0579241
2022080302 1.02531 0.058068
2022080304 1.02538 0.0581422
2022080306 1.02531 0.0580358
2022080308 1.02543 0.0582415
2022080310 1.02569 0.058691
2022080312 1.02577 0.0588277
2022080314 1.02587 0.0590053
2022080316 1.02584 0.058932
2022080318 1.02581 0.0588413
2022080320 1.02579 0.0588187
2022080322 1.02569 0.0586681
2022080400 1.02555 0.0584594
2022080402 1.02577 0.0587741
2022080404 1.02564 0.0585359
2022080406 1.02576 0.0587399
2022080408 1.02572 0.0586707
2022080410 1.02586 0.0589339
2022080412 1.02617 0.0594822
2022080414 1.02619 0.0594892
2022080416 1.02602 0.0592444
2022080418 1.02618 0.0595456
2022080420 1.02605 0.0593401
2022080422 1.02608 0.0594428
2022080500 1.02619 0.0595926
2022080502 1.02607 0.0593918
2022080504 1.02598 0.059243
2022080506 1.02575 0.0588826
2022080508 1.02615 0.0596132
2022080510 1.02642 0.0600799
2022080512 1.02644 0.0602067
2022080514 1.02676 0.0607562
2022080516 1.02667 0.0605564
2022080518 1.02655 0.0603667
2022080520 1.02642 0.060151
2022080522 1.02652 0.0602777
2022080600 1.02616 0.0596529
2022080602 1.02633 0.059956
2022080604 1.02632 0.0599322
2022080606 1.02612 0.0595867
2022080608 1.02614 0.0595739
2022080610 1.02634 0.0599627
2022080612 1.02667 0.0605121
2022080614 1.02663 0.0604946
2022080616 1.0268 0.0607514
2022080618 1.02645 0.0601877
2022080620 1.02678 0.0607331
2022080622 1.0266 0.0604036
2022080700 1.0265 0.0601835
2022080702 1.02644 0.0600844
2022080704 1.02638 0.0599942
2022080706 1.02632 0.0598499
2022080708 1.02634 0.0599695
2022080710 1.02666 0.0605351
2022080712 1.02692 0.0609718
2022080714 1.02702 0.0611428
2022080716 1.02686 0.060949
2022080718 1.02678 0.0608053
2022080720 1.02672 0.0607103
2022080722 1.02679 0.0608107
2022080800 1.02661 0.0605068
2022080802 1.02655 0.0604162
2022080804 1.02649 0.0603891
2022080806 1.0265 0.0604699
2022080808 1.02675 0.060919
2022080810 1.02703 0.0614143
2022080812 1.02737 0.0619666
2022080814 1.02741 0.0619997
2022080816 1.02755 0.0622084
2022080818 1.02746 0.0620346
2022080820 1.02725 0.0617083
2022080822 1.02726 0.0617178
2022080900 1.02714 0.061516
2022080902 1.02728 0.0617382
2022080904 1.02724 0.0616174
2022080906 1.02707 0.0613027
2022080908 1.02721 0.0615222
2022080910 1.02742 0.0619187
2022080912 1.02747 0.0619515
2022080914 1.02779 0.0624542
2022080916 1.02762 0.0621169
2022080918 1.02741 0.0618163
2022080920 1.02729 0.0616655
2022080922 1.02765 0.0622615
2022081000 1.02746 0.0618777
2022081002 1.02743 0.0618066
2022081004 1.02731 0.0616293
2022081006 1.02735 0.061695
2022081008 1.02748 0.0619107
2022081010 1.02772 0.0623478
2022081012 1.02784 0.0624938
2022081014 1.02771 0.0622726
2022081016 1.02799 0.062758
2022081018 1.02788 0.0625855
2022081020 1.02756 0.062065
2022081022 1.02764 0.0622028
2022081100 1.02729 0.0616681
2022081102 1.0274 0.061881
2022081104 1.02744 0.0619485
2022081106 1.02749 0.0620363
2022081108 1.02773 0.0624438
2022081110 1.02807 0.0629731
2022081112 1.0281 0.0630432
2022081114 1.02822 0.0632023
2022081116 1.02798 0.0627898
2022081118 1.0281 0.0630539
2022081120 1.0279 0.062695
2022081122 1.02797 0.0627682
2022081200 1.02796 0.0627205
2022081202 1.02783 0.0624706
2022081204 1.02767 0.062234
2022081206 1.02801 0.0627932
2022081208 1.02788 0.062557
2022081210 1.02845 0.0635099
2022081212 1.02852 0.0635316
2022081214 1.02851 0.0635007
2022081216 1.02849 0.063424
2022081218 1.02897 0.0641883
2022081220 1.02877 0.063795
2022081222 1.02868 0.0636088
2022081300 1.02876 0.063719
2022081302 1.02862 0.0634453
2022081304 1.02848 0.0632357
2022081306 1.02849 0.0632616
2022081308 1.02863 0.0634293
2022081310 1.02877 0.0636821
2022081312 1.02865 0.0634529
2022081314 1.0289 0.06388
2022081316 1.02908 0.0641946
2022081318 1.02885 0.0637965
2022081320 1.02905 0.0641178
2022081322 1.02899 0.0639709
2022081400 1.02878 0.0635677
2022081402 1.02881 0.063584
2022081404 1.02886 0.0636241
2022081406 1.02894 0.0637516
2022081408 1.02899 0.0638239
2022081410 1.02893 0.0636809
2022081412 1.02897 0.0637755
2022081414 1.0292 0.0641857
2022081416 1.02925 0.0642825
2022081418 1.02929 0.0643773
2022081420 1.02908 0.064016
2022081422 1.02908 0.0640041
2022081500 1.02927 0.0642649
2022081502 1.0294 0.0644753
2022081504 1.02914 0.064057
2022081506 1.02915 0.0640684
2022081508 1.02933 0.0643738
2022081510 1.02911 0.0639769
2022081512 1.02956 0.064694
2022081514 1.02943 0.0644511
2022081516 1.02932 0.0642656
2022081518 1.02937 0.0643212
2022081520 1.0292 0.0640492
2022081522 1.02935 0.0642629
2022081600 1.02908 0.0638251
2022081602 1.02942 0.0643814
2022081604 1.02939 0.0643393
2022081606 1.02947 0.0644453
2022081608 1.02938 0.0642821
2022081610 1.02951 0.0644515
2022081612 1.02938 0.0642201
2022081614 1.02929 0.0640925
2022081616 1.02957 0.0645576
2022081618 1.02933 0.0641468
2022081620 1.02923 0.0639839
2022081622 1.0297 0.0647971
2022081700 1.02959 0.0645646
2022081702 1.02956 0.0644011
2022081704 1.02953 0.0642917
2022081706 1.02946 0.0641705
2022081708 1.02947 0.0641979
2022081710 1.02977 0.0646779
2022081712 1.02992 0.0649497
2022081714 1.0303 0.0655559
2022081716 1.03022 0.0653234
2022081718 1.03 0.0649442
2022081720 1.02985 0.0646573
2022081722 1.02992 0.0647315
2022081800 1.02968 0.064295
2022081802 1.02981 0.0645092
2022081804 1.02993 0.0646763
2022081806 1.02987 0.0645644
2022081808 1.02971 0.0642979
2022081810 1.02992 0.0645996
2022081812 1.03003 0.0647522
2022081814 1.03026 0.0651083
2022081816 1.03017 0.0649781
2022081818 1.03014 0.064912
2022081820 1.03031 0.0651611
2022081822 1.03026 0.0650657
2022081900 1.03044 0.0653507
2022081902 1.03014 0.0648124
2022081904 1.02998 0.0645329
2022081906 1.03012 0.0647226
2022081908 1.03002 0.0645208
2022081910 1.03009 0.0646597
2022081912 1.02996 0.0644798
2022081914 1.02934 0.0634017
2022081916 1.02886 0.0625998
2022081918 1.02973 0.0641932
2022081920 1.03016 0.0649635
2022081922 1.02979 0.064321
