2022032200
2022032202
2022032204
2022032206
2022032208
2022032210
2022032212
2022032214
2022032216
2022032218
2022032220
2022032222
2022032300
2022032302
2022032304
2022032306
2022032308
2022032310
2022032312
2022032314
2022032316
2022032318
2022032320
2022032322
2022032400
2022032402
2022032404
2022032406
2022032408
2022032410
2022032412
2022032414
2022032416
2022032418
2022032420
2022032422
2022032500
2022032502
2022032504
2022032506
2022032508
2022032510
2022032512
2022032514
2022032516
2022032518
2022032520
2022032522
