2022010918
2022010920
2022010922
2022011000
2022011002
2022011004
2022011006
2022011008
2022011010
2022011012
2022011014
2022011016
2022011018
2022011020
2022011022
2022011100
2022011102
2022011104
2022011106
2022011108
2022011110
2022011112
2022011114
2022011116
2022011118
2022011120
2022011122
2022011200
2022011202
2022011204
2022011206
2022011208
2022011210
2022011212
2022011214
2022011216
2022011218
2022011220
2022011222
2022011300
2022011302
2022011304
2022011306
2022011308
2022011310
2022011312
2022011314
2022011316
2022011318
2022011320
2022011322
2022011400
2022011402
2022011404
2022011406
2022011408
2022011410
2022011412
2022011414
2022011416
2022011418
2022011420
2022011422
2022011500
2022011502
2022011504
2022011506
2022011508
2022011510
2022011512
2022011514
2022011516
2022011518
2022011520
2022011522
2022011600
2022011602
2022011604
2022011606
2022011608
2022011610
2022011612
2022011614
2022011616
2022011618
2022011620
2022011622
2022011700
2022011702
2022011704
2022011706
2022011708
2022011710
2022011712
2022011714
2022011716
2022011718
2022011720
2022011722
2022011800
2022011802
2022011804
2022011806
2022011808
2022011810
2022011812
2022011814
2022011816
2022011818
2022011820
2022011822
2022011900
2022011902
2022011904
2022011906
2022011908
2022011910
2022011912
2022011914
2022011916
2022011918
2022011920
2022011922
2022012000
2022012002
2022012004
2022012006
2022012008
2022012010
2022012012
2022012014
2022012016
2022012018
2022012020
2022012022
2022012100
2022012102
2022012104
2022012106
2022012108
2022012110
2022012112
2022012114
2022012116
2022012118
2022012120
2022012122
2022012200
2022012202
2022012204
2022012206
2022012208
2022012210
2022012212
2022012214
2022012216
2022012218
2022012220
2022012222
2022012300
2022012302
2022012304
2022012306
2022012308
2022012310
2022012312
2022012314
2022012316
2022012318
2022012320
2022012322
2022012400
2022012402
2022012404
2022012406
2022012408
2022012410
2022012412
2022012414
2022012416
2022012418
2022012420
2022012422
2022012500
2022012502
2022012504
2022012506
2022012508
2022012510
2022012512
2022012514
2022012516
2022012518
2022012520
2022012522
2022012600
2022012602
2022012604
2022012606
2022012608
2022012610
2022012612
2022012614
2022012616
2022012618
2022012620
2022012622
2022012700
2022012702
2022012704
2022012706
2022012708
2022012710
2022012712
2022012714
2022012716
2022012718
2022012720
2022012722
2022012800
2022012802
2022012804
2022012806
2022012808
2022012810
2022012812
2022012814
2022012816
2022012818
2022012820
2022012822
2022012900
2022012902
2022012904
2022012906
2022012908
2022012910
2022012912
2022012914
2022012916
2022012918
2022012920
2022012922
2022013000
2022013002
2022013004
2022013006
2022013008
2022013010
2022013012
2022013014
2022013016
2022013018
2022013020
2022013022
2022013100
2022013102
2022013104
2022013106
2022013108
2022013110
2022013112
2022013114
2022013116
2022013118
2022013120
2022013122
2022020100
2022020102
2022020104
2022020106
2022020108
2022020110
2022020112
2022020114
2022020116
2022020118
2022020120
2022020122
2022020200
2022020202
2022020204
2022020206
2022020208
2022020210
2022020212
2022020214
2022020216
2022020218
2022020220
2022020222
2022020300
2022020302
2022020304
2022020306
2022020308
2022020310
2022020312
2022020314
2022020316
2022020318
2022020320
2022020322
2022020400
2022020402
2022020404
2022020406
2022020408
2022020410
2022020412
2022020414
2022020416
2022020418
2022020420
2022020422
2022020500
2022020502
2022020504
2022020506
2022020508
2022020510
2022020512
2022020514
2022020516
2022020518
2022020520
2022020522
2022020600
2022020602
2022020604
2022020606
2022020608
2022020610
2022020612
2022020614
2022020616
2022020618
2022020620
2022020622
2022020700
2022020702
2022020704
2022020706
2022020708
2022020710
2022020712
2022020714
2022020716
2022020718
2022020720
2022020722
2022020800
2022020802
2022020804
2022020806
2022020808
2022020810
2022020812
2022020814
2022020816
2022020818
2022020820
2022020822
2022020900
2022020902
2022020904
2022020906
2022020908
2022020910
2022020912
2022020914
2022020916
2022020918
2022020920
2022020922
2022021000
2022021002
2022021004
2022021006
2022021008
2022021010
2022021012
2022021014
2022021016
2022021018
2022021020
2022021022
2022021100
2022021102
2022021104
2022021106
2022021108
2022021110
2022021112
2022021114
2022021116
2022021118
2022021120
2022021122
2022021200
2022021202
2022021204
2022021206
2022021208
2022021210
2022021212
2022021214
2022021216
2022021218
2022021220
2022021222
2022021300
2022021302
2022021304
2022021306
2022021308
2022021310
2022021312
2022021314
2022021316
2022021318
2022021320
2022021322
2022021400
2022021402
2022021404
2022021406
2022021408
2022021410
2022021412
2022021414
2022021416
2022021418
2022021420
2022021422
2022021500
2022021502
2022021504
2022021506
2022021508
2022021510
2022021512
2022021514
2022021516
2022021518
2022021520
2022021522
2022021600
2022021602
2022021604
2022021606
2022021608
2022021610
2022021612
2022021614
2022021616
2022021618
2022021620
2022021622
2022021700
2022021702
2022021704
2022021706
2022021708
2022021710
2022021712
2022021714
2022021716
2022021718
2022021720
2022021722
