2021091500
2021091502
2021091504
2021091506
2021091508
2021091510
2021091512
2021091514
2021091516
2021091518
2021091520
2021091522
2021091600
2021091602
2021091604
2021091606
2021091608
2021091610
2021091612
2021091614
2021091616
2021091618
2021091620
2021091622
2021091700
2021091702
2021091704
2021091706
2021091708
2021091710
2021091712
2021091714
2021091716
2021091718
2021091720
2021091722
2021091800
2021091802
2021091804
2021091806
2021091808
2021091810
2021091812
2021091814
2021091816
2021091818
2021091820
2021091822
2021091900
2021091902
2021091904
2021091906
2021091908
2021091910
2021091912
2021091914
2021091916
2021091918
2021091920
2021091922
2021092000
2021092002
2021092004
2021092006
2021092008
2021092010
2021092012
2021092014
2021092016
2021092018
2021092020
2021092022
2021092100
2021092102
2021092104
2021092106
2021092108
2021092110
2021092112
2021092114
2021092116
2021092118
2021092120
2021092122
2021092200
2021092202
2021092204
2021092206
2021092208
2021092210
2021092212
2021092214
2021092216
2021092218
2021092220
2021092222
2021092300
2021092302
2021092304
2021092306
2021092308
2021092310
2021092312
2021092314
2021092316
2021092318
2021092320
2021092322
2021092400
2021092402
2021092404
2021092406
2021092408
2021092410
2021092412
2021092414
2021092416
2021092418
2021092420
2021092422
2021092500
2021092502
2021092504
2021092506
2021092508
2021092510
2021092512
2021092514
2021092516
2021092518
2021092520
2021092522
2021092600
2021092602
2021092604
2021092606
2021092608
2021092610
2021092612
2021092614
2021092616
2021092618
2021092620
2021092622
2021092700
2021092702
2021092704
2021092706
2021092708
2021092710
2021092712
2021092714
2021092716
2021092718
2021092720
2021092722
2021092800
2021092802
2021092804
2021092806
2021092808
2021092810
2021092812
2021092814
2021092816
2021092818
2021092820
2021092822
2021092900
2021092902
2021092904
2021092906
2021092908
2021092910
2021092912
2021092914
2021092916
2021092918
2021092920
2021092922
2021093000
2021093002
2021093004
2021093006
2021093008
2021093010
2021093012
2021093014
2021093016
2021093018
2021093020
2021093022
2021100100
2021100102
2021100104
2021100106
2021100108
2021100110
2021100112
2021100114
2021100116
2021100118
2021100120
2021100122
2021100200
2021100202
2021100204
2021100206
2021100208
2021100210
2021100212
2021100214
2021100216
2021100218
2021100220
2021100222
2021100300
2021100302
2021100304
2021100306
2021100308
2021100310
2021100312
2021100314
2021100316
2021100318
2021100320
2021100322
2021100400
2021100402
2021100404
2021100406
2021100408
2021100410
2021100412
2021100414
2021100416
2021100418
2021100420
2021100422
2021100500
2021100502
2021100504
2021100506
2021100508
2021100510
2021100512
2021100514
2021100516
2021100518
2021100520
2021100522
2021100600
2021100602
2021100604
2021100606
2021100608
2021100610
2021100612
2021100614
2021100616
2021100618
2021100620
2021100622
2021100700
2021100702
2021100704
2021100706
2021100708
2021100710
2021100712
2021100714
2021100716
2021100718
2021100720
2021100722
2021100800
2021100802
2021100804
2021100806
2021100808
2021100810
2021100812
2021100814
2021100816
2021100818
2021100820
2021100822
2021100900
2021100902
2021100904
2021100906
2021100908
2021100910
2021100912
2021100914
2021100916
2021100918
2021100920
2021100922
2021101000
2021101002
2021101004
2021101006
2021101008
2021101010
2021101012
2021101014
2021101016
2021101018
2021101020
2021101022
2021101100
2021101102
2021101104
2021101106
2021101108
2021101110
2021101112
2021101114
2021101116
2021101118
2021101120
2021101122
2021101200
2021101202
2021101204
2021101206
2021101208
2021101210
2021101212
2021101214
2021101216
2021101218
2021101220
2021101222
2021101300
2021101302
2021101304
2021101306
2021101308
2021101310
2021101312
2021101314
2021101316
2021101318
2021101320
2021101322
2021101400
2021101402
2021101404
2021101406
2021101408
2021101410
2021101412
2021101414
2021101416
2021101418
2021101420
2021101422
2021101500
2021101502
2021101504
2021101506
2021101508
2021101510
2021101512
2021101514
2021101516
2021101518
2021101520
2021101522
2021101600
2021101602
2021101604
2021101606
2021101608
2021101610
2021101612
2021101614
2021101616
2021101618
2021101620
2021101622
2021101700
2021101702
2021101704
2021101706
2021101708
2021101710
2021101712
2021101714
2021101716
2021101718
2021101720
2021101722
2021101800
2021101802
2021101804
2021101806
2021101808
2021101810
2021101812
2021101814
2021101816
2021101818
2021101820
2021101822
2021101900
2021101902
2021101904
2021101906
2021101908
2021101910
2021101912
2021101914
2021101916
2021101918
2021101920
2021101922
2021102000
2021102002
2021102004
2021102006
2021102008
2021102010
2021102012
2021102014
2021102016
2021102018
2021102020
2021102022
2021102100
2021102102
2021102104
2021102106
2021102108
2021102110
2021102112
2021102114
2021102116
2021102118
2021102120
2021102122
2021102200
2021102202
2021102204
2021102206
2021102208
2021102210
2021102212
2021102214
2021102216
2021102218
2021102220
2021102222
2021102300
2021102302
2021102304
2021102306
2021102308
2021102310
2021102312
2021102314
2021102316
2021102318
2021102320
2021102322
2021102400
2021102402
2021102404
2021102406
2021102408
2021102410
2021102412
2021102414
2021102416
2021102418
2021102420
2021102422
2021102500
2021102502
2021102504
2021102506
2021102508
2021102510
2021102512
2021102514
2021102516
2021102518
2021102520
2021102522
2021102600
2021102602
2021102604
2021102606
2021102608
2021102610
2021102612
2021102614
2021102616
2021102618
2021102620
2021102622
2021102700
2021102702
2021102704
2021102706
2021102708
2021102710
2021102712
2021102714
2021102716
2021102718
2021102720
2021102722
2021102800
2021102802
2021102804
2021102806
2021102808
2021102810
2021102812
2021102814
2021102816
2021102818
2021102820
2021102822
2021102900
2021102902
2021102904
2021102906
2021102908
2021102910
2021102912
2021102914
2021102916
2021102918
2021102920
2021102922
2021103000
2021103002
2021103004
2021103006
2021103008
2021103010
2021103012
2021103014
2021103016
2021103018
2021103020
2021103022
2021103100
2021103102
2021103104
2021103106
2021103108
2021103110
2021103112
2021103114
2021103116
2021103118
2021103120
2021103122
2021110100
2021110102
2021110104
2021110106
2021110108
2021110110
2021110112
2021110114
2021110116
2021110118
2021110120
2021110122
2021110200
2021110202
2021110204
2021110206
2021110208
2021110210
2021110212
2021110214
2021110216
2021110218
2021110220
2021110222
2021110300
2021110302
2021110304
2021110306
2021110308
2021110310
2021110312
2021110314
2021110316
2021110318
2021110320
2021110322
2021110400
2021110402
2021110404
2021110406
2021110408
2021110410
2021110412
2021110414
2021110416
2021110418
2021110420
2021110422
2021110500
2021110502
2021110504
2021110506
2021110508
2021110510
2021110512
2021110514
2021110516
2021110518
2021110520
2021110522
2021110600
2021110602
2021110604
2021110606
2021110608
2021110610
2021110612
2021110614
2021110616
2021110618
2021110620
2021110622
2021110700
2021110702
2021110704
2021110706
2021110708
2021110710
2021110712
2021110714
2021110716
2021110718
2021110720
2021110722
2021110800
2021110802
2021110804
2021110806
2021110808
2021110810
2021110812
2021110814
2021110816
2021110818
2021110820
2021110822
2021110900
2021110902
2021110904
2021110906
2021110908
2021110910
2021110912
2021110914
2021110916
2021110918
2021110920
2021110922
2021111000
2021111002
2021111004
2021111006
2021111008
2021111010
2021111012
2021111014
2021111016
2021111018
2021111020
2021111022
2021111100
2021111102
2021111104
2021111106
2021111108
2021111110
2021111112
2021111114
2021111116
2021111118
2021111120
2021111122
2021111200
2021111202
2021111204
2021111206
2021111208
2021111210
2021111212
2021111214
2021111216
2021111218
2021111220
2021111222
2021111300
2021111302
2021111304
2021111306
2021111308
2021111310
2021111312
2021111314
2021111316
2021111318
2021111320
2021111322
2021111400
2021111402
2021111404
2021111406
2021111408
2021111410
2021111412
2021111414
2021111416
2021111418
2021111420
2021111422
2021111500
2021111502
2021111504
2021111506
2021111508
2021111510
2021111512
2021111514
2021111516
2021111518
2021111520
2021111522
2021111600
2021111602
2021111604
2021111606
2021111608
2021111610
2021111612
2021111614
2021111616
2021111618
2021111620
2021111622
2021111700
2021111702
2021111704
2021111706
2021111708
2021111710
2021111712
2021111714
2021111716
2021111718
2021111720
2021111722
2021111800
2021111802
2021111804
2021111806
2021111808
2021111810
2021111812
2021111814
2021111816
2021111818
2021111820
2021111822
2021111900
2021111902
2021111904
2021111906
2021111908
2021111910
2021111912
2021111914
2021111916
2021111918
2021111920
2021111922
2021112000
2021112002
2021112004
2021112006
2021112008
2021112010
2021112012
2021112014
2021112016
2021112018
2021112020
2021112022
2021112100
2021112102
2021112104
2021112106
2021112108
2021112110
2021112112
2021112114
2021112116
2021112118
2021112120
2021112122
2021112200
2021112202
2021112204
2021112206
2021112208
2021112210
2021112212
2021112214
2021112216
2021112218
2021112220
2021112222
2021112300
2021112302
2021112304
2021112306
2021112308
2021112310
2021112312
2021112314
2021112316
2021112318
2021112320
2021112322
2021112400
2021112402
2021112404
2021112406
2021112408
2021112410
2021112412
2021112414
2021112416
2021112418
2021112420
2021112422
2021112500
2021112502
2021112504
2021112506
2021112508
2021112510
2021112512
2021112514
2021112516
2021112518
2021112520
2021112522
2021112600
2021112602
2021112604
2021112606
2021112608
2021112610
2021112612
2021112614
2021112616
2021112618
2021112620
2021112622
2021112700
2021112702
2021112704
2021112706
2021112708
2021112710
2021112712
2021112714
2021112716
2021112718
2021112720
2021112722
2021112800
2021112802
2021112804
2021112806
2021112808
2021112810
2021112812
2021112814
2021112816
2021112818
2021112820
2021112822
2021112900
2021112902
2021112904
2021112906
2021112908
2021112910
2021112912
2021112914
2021112916
2021112918
2021112920
2021112922
2021113000
2021113002
2021113004
2021113006
2021113008
2021113010
2021113012
2021113014
2021113016
2021113018
2021113020
2021113022
2021120100
2021120102
2021120104
2021120106
2021120108
2021120110
2021120112
2021120114
2021120116
2021120118
2021120120
2021120122
2021120200
2021120202
2021120204
2021120206
2021120208
2021120210
2021120212
2021120214
2021120216
2021120218
2021120220
2021120222
2021120300
2021120302
2021120304
2021120306
2021120308
2021120310
2021120312
2021120314
2021120316
2021120318
2021120320
2021120322
2021120400
2021120402
2021120404
2021120406
2021120408
2021120410
2021120412
2021120414
2021120416
2021120418
2021120420
2021120422
2021120500
2021120502
2021120504
2021120506
2021120508
2021120510
2021120512
2021120514
2021120516
2021120518
2021120520
2021120522
2021120600
2021120602
2021120604
2021120606
2021120608
2021120610
2021120612
2021120614
2021120616
2021120618
2021120620
2021120622
2021120700
2021120702
2021120704
2021120706
2021120708
2021120710
2021120712
2021120714
2021120716
2021120718
2021120720
2021120722
2021120800
2021120802
2021120804
2021120806
2021120808
2021120810
2021120812
2021120814
2021120816
2021120818
2021120820
2021120822
2021120900
2021120902
2021120904
2021120906
2021120908
2021120910
2021120912
2021120914
2021120916
2021120918
2021120920
2021120922
2021121000
2021121002
2021121004
2021121006
2021121008
2021121010
2021121012
2021121014
2021121016
2021121018
2021121020
2021121022
2021121100
2021121102
2021121104
2021121106
2021121108
2021121110
2021121112
2021121114
2021121116
2021121118
2021121120
2021121122
2021121200
2021121202
2021121204
2021121206
2021121208
2021121210
2021121212
2021121214
2021121216
2021121218
2021121220
2021121222
2021121300
2021121302
2021121304
2021121306
2021121308
2021121310
2021121312
2021121314
2021121316
2021121318
2021121320
2021121322
2021121400
2021121402
2021121404
2021121406
2021121408
2021121410
2021121412
2021121414
2021121416
2021121418
2021121420
2021121422
2021121500
2021121502
2021121504
2021121506
2021121508
2021121510
2021121512
2021121514
2021121516
2021121518
2021121520
2021121522
2021121600
2021121602
2021121604
2021121606
2021121608
2021121610
2021121612
2021121614
2021121616
2021121618
2021121620
2021121622
2021121700
2021121702
2021121704
2021121706
2021121708
2021121710
2021121712
2021121714
2021121716
2021121718
2021121720
2021121722
2021121800
2021121802
2021121804
2021121806
2021121808
2021121810
2021121812
2021121814
2021121816
2021121818
2021121820
2021121822
2021121900
2021121902
2021121904
2021121906
2021121908
2021121910
2021121912
2021121914
2021121916
2021121918
2021121920
2021121922
2021122000
2021122002
2021122004
2021122006
2021122008
2021122010
2021122012
2021122014
2021122016
2021122018
2021122020
2021122022
2021122100
2021122102
2021122104
2021122106
2021122108
2021122110
2021122112
2021122114
2021122116
2021122118
2021122120
2021122122
2021122200
2021122202
2021122204
2021122206
2021122208
2021122210
2021122212
2021122214
2021122216
2021122218
2021122220
2021122222
2021122300
2021122302
2021122304
2021122306
2021122308
2021122310
2021122312
2021122314
2021122316
2021122318
2021122320
2021122322
2021122400
2021122402
2021122404
2021122406
2021122408
2021122410
2021122412
2021122414
2021122416
2021122418
2021122420
2021122422
2021122500
2021122502
2021122504
2021122506
2021122508
2021122510
2021122512
2021122514
2021122516
2021122518
2021122520
2021122522
2021122600
2021122602
2021122604
2021122606
2021122608
2021122610
2021122612
2021122614
2021122616
2021122618
2021122620
2021122622
2021122700
2021122702
2021122704
2021122706
2021122708
2021122710
2021122712
2021122714
2021122716
2021122718
2021122720
2021122722
2021122800
2021122802
2021122804
2021122806
2021122808
2021122810
2021122812
2021122814
2021122816
2021122818
2021122820
2021122822
2021122900
2021122902
2021122904
2021122906
2021122908
2021122910
2021122912
2021122914
2021122916
2021122918
2021122920
2021122922
2021123000
2021123002
2021123004
2021123006
2021123008
2021123010
2021123012
2021123014
2021123016
2021123018
2021123020
2021123022
2021123100
2021123102
2021123104
2021123106
2021123108
2021123110
2021123112
2021123114
2021123116
2021123118
2021123120
2021123122
