2022050116
2022050118
2022050120
2022050122
2022050200
2022050202
2022050204
2022050206
2022050208
2022050210
2022050212
2022050214
2022050216
2022050218
2022050220
2022050222
2022050300
2022050302
2022050304
2022050306
2022050308
2022050310
2022050312
2022050314
2022050316
2022050318
2022050320
2022050322
2022050400
2022050402
2022050404
2022050406
2022050408
2022050410
2022050412
2022050414
2022050416
2022050418
2022050420
2022050422
2022050500
2022050502
2022050504
2022050506
2022050508
2022050510
2022050512
2022050514
2022050516
2022050518
2022050520
2022050522
2022050600
2022050602
2022050604
2022050606
2022050608
2022050610
2022050612
2022050614
2022050616
2022050618
2022050620
2022050622
2022050700
2022050702
2022050704
2022050706
2022050708
2022050710
2022050712
2022050714
2022050716
2022050718
2022050720
2022050722
2022050800
2022050802
2022050804
2022050806
2022050808
2022050810
2022050812
2022050814
2022050816
2022050818
2022050820
2022050822
2022050900
2022050902
2022050904
2022050906
2022050908
2022050910
2022050912
2022050914
2022050916
2022050918
2022050920
2022050922
2022051000
2022051002
2022051004
2022051006
2022051008
2022051010
2022051012
2022051014
2022051016
2022051018
2022051020
2022051022
2022051100
2022051102
2022051104
2022051106
2022051108
2022051110
2022051112
2022051114
2022051116
2022051118
2022051120
2022051122
2022051200
2022051202
2022051204
2022051206
2022051208
2022051210
2022051212
2022051214
2022051216
2022051218
2022051220
2022051222
2022051300
2022051302
2022051304
2022051306
2022051308
2022051310
2022051312
2022051314
2022051316
2022051318
2022051320
2022051322
2022051400
2022051402
2022051404
2022051406
2022051408
2022051410
2022051412
2022051414
2022051416
2022051418
2022051420
2022051422
2022051500
2022051502
2022051504
2022051506
2022051508
2022051510
2022051512
2022051514
2022051516
2022051518
2022051520
2022051522
2022051600
2022051602
2022051604
2022051606
2022051608
2022051610
2022051612
2022051614
2022051616
2022051618
2022051620
2022051622
2022051700
2022051702
2022051704
2022051706
2022051708
2022051710
2022051712
2022051714
2022051716
2022051718
2022051720
2022051722
2022051800
2022051802
2022051804
2022051806
2022051808
2022051810
2022051812
2022051814
2022051816
2022051818
2022051820
2022051822
2022051900
2022051902
2022051904
2022051906
2022051908
2022051910
2022051912
2022051914
2022051916
2022051918
2022051920
2022051922
2022052000
2022052002
2022052004
2022052006
2022052008
2022052010
2022052012
2022052014
2022052016
2022052018
2022052020
2022052022
2022052100
2022052102
2022052104
2022052106
2022052108
2022052110
2022052112
2022052114
2022052116
2022052118
2022052120
2022052122
2022052200
2022052202
2022052204
2022052206
2022052208
2022052210
2022052212
2022052214
2022052216
2022052218
2022052220
2022052222
2022052300
2022052302
2022052304
2022052306
2022052308
2022052310
2022052312
2022052314
2022052316
2022052318
2022052320
2022052322
2022052400
2022052402
2022052404
2022052406
2022052408
2022052410
2022052412
2022052414
2022052416
2022052418
2022052420
2022052422
2022052500
2022052502
2022052504
2022052506
2022052508
2022052510
2022052512
2022052514
2022052516
2022052518
2022052520
2022052522
2022052600
2022052602
2022052604
2022052606
2022052608
2022052610
2022052612
2022052614
2022052616
2022052618
2022052620
2022052622
2022052700
2022052702
2022052704
2022052706
2022052708
2022052710
2022052712
2022052714
2022052716
2022052718
2022052720
2022052722
2022052800
2022052802
2022052804
2022052806
2022052808
2022052810
2022052812
2022052814
2022052816
2022052818
2022052820
2022052822
2022052900
2022052902
2022052904
2022052906
2022052908
2022052910
2022052912
2022052914
2022052916
2022052918
2022052920
2022052922
2022053000
2022053002
2022053004
2022053006
2022053008
2022053010
2022053012
2022053014
2022053016
2022053018
2022053020
2022053022
2022053100
2022053102
2022053104
2022053106
2022053108
2022053110
2022053112
2022053114
2022053116
2022053118
2022053120
2022053122
2022060100
2022060102
2022060104
2022060106
2022060108
2022060110
2022060112
2022060114
2022060116
2022060118
2022060120
2022060122
2022060200
2022060202
2022060204
2022060206
2022060208
2022060210
2022060212
2022060214
2022060216
2022060218
2022060220
2022060222
2022060300
2022060302
2022060304
2022060306
2022060308
2022060310
2022060312
2022060314
2022060316
2022060318
2022060320
2022060322
2022060400
2022060402
2022060404
2022060406
2022060408
2022060410
2022060412
2022060414
2022060416
2022060418
2022060420
2022060422
2022060500
2022060502
2022060504
2022060506
2022060508
2022060510
2022060512
2022060514
2022060516
2022060518
2022060520
2022060522
2022060600
2022060602
2022060604
2022060606
2022060608
2022060610
2022060612
2022060614
2022060616
2022060618
2022060620
2022060622
2022060700
2022060702
2022060704
2022060706
2022060708
2022060710
2022060712
2022060714
2022060716
2022060718
2022060720
2022060722
2022060800
2022060802
2022060804
2022060806
2022060808
2022060810
2022060812
2022060814
2022060816
2022060818
2022060820
2022060822
2022060900
2022060902
2022060904
2022060906
2022060908
2022060910
2022060912
2022060914
2022060916
2022060918
2022060920
2022060922
2022061000
2022061002
2022061004
2022061006
2022061008
2022061010
2022061012
2022061014
2022061016
2022061018
2022061020
2022061022
2022061100
2022061102
2022061104
2022061106
2022061108
2022061110
2022061112
2022061114
2022061116
2022061118
2022061120
2022061122
2022061200
2022061202
2022061204
2022061206
2022061208
2022061210
2022061212
2022061214
2022061216
2022061218
2022061220
2022061222
2022061300
2022061302
2022061304
2022061306
2022061308
2022061310
2022061312
2022061314
2022061316
2022061318
2022061320
2022061322
2022061400
2022061402
2022061404
2022061406
2022061408
2022061410
2022061412
2022061414
2022061416
2022061418
2022061420
2022061422
2022061500
2022061502
2022061504
2022061506
2022061508
2022061510
2022061512
2022061514
2022061516
2022061518
2022061520
2022061522
2022061600
2022061602
2022061604
2022061606
2022061608
2022061610
2022061612
2022061614
2022061616
2022061618
2022061620
2022061622
2022061700
2022061702
2022061704
2022061706
2022061708
2022061710
2022061712
2022061714
2022061716
2022061718
2022061720
2022061722
2022061800
2022061802
2022061804
2022061806
2022061808
2022061810
2022061812
2022061814
2022061816
2022061818
2022061820
2022061822
2022061900
2022061902
2022061904
2022061906
2022061908
2022061910
2022061912
2022061914
2022061916
2022061918
2022061920
2022061922
2022062000
2022062002
2022062004
2022062006
2022062008
2022062010
2022062012
2022062014
2022062016
2022062018
2022062020
2022062022
2022062100
2022062102
2022062104
2022062106
2022062108
2022062110
2022062112
2022062114
2022062116
2022062118
2022062120
2022062122
2022062200
2022062202
2022062204
2022062206
2022062208
2022062210
2022062212
2022062214
2022062216
2022062218
2022062220
2022062222
2022062300
2022062302
2022062304
2022062306
2022062308
2022062310
2022062312
2022062314
2022062316
2022062318
2022062320
2022062322
2022062400
2022062402
2022062404
2022062406
2022062408
2022062410
2022062412
2022062414
2022062416
2022062418
2022062420
2022062422
2022062500
2022062502
2022062504
2022062506
2022062508
2022062510
2022062512
2022062514
2022062516
2022062518
2022062520
2022062522
2022062600
2022062602
2022062604
2022062606
2022062608
2022062610
2022062612
2022062614
2022062616
2022062618
2022062620
2022062622
2022062700
2022062702
2022062704
2022062706
2022062708
2022062710
2022062712
2022062714
2022062716
2022062718
2022062720
2022062722
2022062800
2022062802
2022062804
2022062806
2022062808
2022062810
2022062812
2022062814
2022062816
2022062818
2022062820
2022062822
2022062900
2022062902
2022062904
2022062906
2022062908
2022062910
2022062912
2022062914
2022062916
2022062918
2022062920
2022062922
2022063000
2022063002
2022063004
2022063006
2022063008
2022063010
2022063012
2022063014
2022063016
2022063018
2022063020
2022063022
2022070100
2022070102
2022070104
2022070106
2022070108
2022070110
2022070112
2022070114
2022070116
2022070118
2022070120
2022070122
2022070200
2022070202
2022070204
2022070206
2022070208
2022070210
2022070212
2022070214
2022070216
2022070218
2022070220
2022070222
2022070300
2022070302
2022070304
2022070306
2022070308
2022070310
2022070312
2022070314
2022070316
2022070318
2022070320
2022070322
2022070400
2022070402
2022070404
2022070406
2022070408
2022070410
2022070412
2022070414
2022070416
2022070418
2022070420
2022070422
2022070500
2022070502
2022070504
2022070506
2022070508
2022070510
2022070512
2022070514
2022070516
2022070518
2022070520
2022070522
2022070600
2022070602
2022070604
2022070606
2022070608
2022070610
2022070612
2022070614
2022070616
2022070618
2022070620
2022070622
2022070700
2022070702
2022070704
2022070706
2022070708
2022070710
2022070712
2022070714
2022070716
2022070718
2022070720
2022070722
2022070800
2022070802
2022070804
2022070806
2022070808
2022070810
2022070812
2022070814
2022070816
2022071108
2022071110
2022071112
2022071114
2022071116
2022071118
2022071120
2022071122
2022071200
2022071202
2022071204
2022071206
2022071208
2022071210
2022071212
2022071214
2022071216
2022071218
2022071220
2022071222
2022071300
2022071302
2022071304
2022071306
2022071308
2022071310
2022071312
2022071314
2022071316
2022071318
2022071320
2022071322
2022071400
2022071402
2022071404
2022071406
2022071408
2022071410
2022071412
2022071414
2022071416
2022071418
2022071420
2022071422
2022071500
2022071502
2022071504
2022071506
2022071508
2022071510
2022071512
2022071514
2022071516
2022071518
2022071520
2022071522
2022071600
2022071602
2022071604
2022071606
2022071608
2022071610
2022071612
2022071614
2022071616
2022071618
2022071620
2022071622
2022071700
2022071702
2022071704
2022071706
2022071708
2022071710
2022071712
2022071714
2022071716
2022071718
2022071720
2022071722
2022071800
2022071802
2022071804
2022071806
2022071808
2022071810
2022071812
2022071814
2022071816
2022071818
2022071820
2022071822
2022071900
2022071902
2022071904
2022071906
2022071908
2022071910
2022071912
2022071914
2022071916
2022071918
2022071920
2022071922
2022072000
2022072002
2022072004
2022072006
2022072008
2022072010
2022072012
2022072014
2022072016
2022072018
2022072020
2022072022
2022072100
2022072102
2022072104
2022072106
2022072108
2022072110
2022072112
2022072114
2022072116
2022072118
2022072120
2022072122
2022072200
2022072202
2022072204
2022072206
2022072208
2022072210
2022072212
2022072214
2022072216
2022072218
2022072220
2022072222
2022072300
2022072302
2022072304
2022072306
2022072308
2022072310
2022072312
2022072314
2022072316
2022072318
2022072320
2022072322
2022072400
2022072402
2022072404
2022072406
2022072408
2022072410
2022072412
2022072414
2022072416
2022072418
2022072420
2022072422
2022072500
2022072502
2022072504
2022072506
2022072508
2022072510
2022072512
2022072514
2022072516
2022072518
2022072520
2022072522
2022072600
2022072602
2022072604
2022072606
2022072608
2022072610
2022072612
2022072614
2022072616
2022072618
2022072620
2022072622
2022072700
2022072702
2022072704
2022072706
2022072708
2022072710
2022072712
2022072714
2022072716
2022072718
2022072720
2022072722
2022072800
2022072802
2022072804
2022072806
2022072808
2022072810
2022072812
2022072814
2022072816
2022072818
2022072820
2022072822
2022072900
2022072902
2022072904
2022072906
2022072908
2022072910
2022072912
2022072914
2022072916
2022072918
2022072920
2022072922
2022073000
2022073002
2022073004
2022073006
2022073008
2022073010
2022073012
2022073014
2022073016
2022073018
2022073020
2022073022
2022073100
2022073102
2022073104
2022073106
2022073108
2022073110
2022073112
2022073114
2022073116
2022073118
2022073120
2022073122
2022080100
2022080102
2022080104
2022080106
2022080108
2022080110
2022080112
2022080114
2022080116
2022080118
2022080120
2022080122
2022080200
2022080202
2022080204
2022080206
2022080208
2022080210
2022080212
2022080214
2022080216
2022080218
2022080220
2022080222
2022080300
2022080302
2022080304
2022080306
2022080308
2022080310
2022080312
2022080314
2022080316
2022080318
2022080320
2022080322
2022080400
2022080402
2022080404
2022080406
2022080408
2022080410
2022080412
2022080414
2022080416
2022080418
2022080420
2022080422
2022080500
2022080502
2022080504
2022080506
2022080508
2022080510
2022080512
2022080514
2022080516
2022080518
2022080520
2022080522
2022080600
2022080602
2022080604
2022080606
2022080608
2022080610
2022080612
2022080614
2022080616
2022080618
2022080620
2022080622
2022080700
2022080702
2022080704
2022080706
2022080708
2022080710
2022080712
2022080714
2022080716
2022080718
2022080720
2022080722
2022080800
2022080802
2022080804
2022080806
2022080808
2022080810
2022080812
2022080814
2022080816
2022080818
2022080820
2022080822
2022080900
2022080902
2022080904
2022080906
2022080908
2022080910
2022080912
2022080914
2022080916
2022080918
2022080920
2022080922
2022081000
2022081002
2022081004
2022081006
2022081008
2022081010
2022081012
2022081014
2022081016
2022081018
2022081020
2022081022
2022081100
2022081102
2022081104
2022081106
2022081108
2022081110
2022081112
2022081114
2022081116
2022081118
2022081120
2022081122
2022081200
2022081202
2022081204
2022081206
2022081208
2022081210
2022081212
2022081214
2022081216
2022081218
2022081220
2022081222
2022081300
2022081302
2022081304
2022081306
2022081308
2022081310
2022081312
2022081314
2022081316
2022081318
2022081320
2022081322
2022081400
2022081402
2022081404
2022081406
2022081408
2022081410
2022081412
2022081414
2022081416
2022081418
2022081420
2022081422
2022081500
2022081502
2022081504
2022081506
2022081508
2022081510
2022081512
2022081514
2022081516
2022081518
2022081520
2022081522
2022081600
2022081602
2022081604
2022081606
2022081608
2022081610
2022081612
2022081614
2022081616
2022081618
2022081620
2022081622
2022081700
2022081702
2022081704
2022081706
2022081708
2022081710
2022081712
2022081714
2022081716
2022081718
2022081720
2022081722
2022081800
2022081802
2022081804
2022081806
2022081808
2022081810
2022081812
2022081814
2022081816
2022081818
2022081820
2022081822
2022081900
2022081902
2022081904
2022081906
2022081908
2022081910
2022081912
2022081914
2022081916
2022081918
2022081920
2022081922
