2021091500
2021091502
2021091504
2021091506
2021091508
2021091510
2021091512
2021091514
2021091516
2021091518
2021091520
2021091522
2021091600
2021091602
2021091604
2021091606
2021091608
2021091610
2021091612
2021091614
2021091616
2021091618
2021091620
2021091622
2021091700
2021091702
2021091704
2021091706
2021091708
2021091710
2021091712
2021091714
2021091716
2021091718
2021091720
2021091722
2021091800
2021091802
2021091804
2021091806
2021091808
2021091810
2021091812
2021091814
2021091816
2021091818
2021091820
2021091822
2021091900
2021091902
2021091904
2021091906
2021091908
2021091910
2021091912
2021091914
2021091916
2021091918
2021091920
2021091922
2021092000
2021092002
2021092004
2021092006
2021092008
2021092010
2021092012
2021092014
2021092016
2021092018
2021092020
2021092022
2021092100
2021092102
2021092104
2021092106
2021092108
2021092110
2021092112
2021092114
2021092116
2021092118
2021092120
2021092122
2021092200
2021092202
2021092204
2021092206
2021092208
2021092210
2021092212
2021092214
2021092216
2021092218
2021092220
2021092222
2021092300
2021092302
2021092304
2021092306
2021092308
2021092310
2021092312
2021092314
2021092316
2021092318
2021092320
2021092322
2021092400
2021092402
2021092404
2021092406
2021092408
2021092410
2021092412
2021092414
2021092416
2021092418
2021092420
2021092422
2021092500
2021092502
2021092504
2021092506
2021092508
2021092510
2021092512
2021092514
2021092516
2021092518
2021092520
2021092522
2021092600
2021092602
2021092604
2021092606
2021092608
2021092610
2021092612
2021092614
2021092616
2021092618
2021092620
2021092622
2021092700
2021092702
2021092704
2021092706
2021092708
2021092710
2021092712
2021092714
2021092716
2021092718
2021092720
2021092722
2021092800
2021092802
2021092804
2021092806
2021092808
2021092810
2021092812
2021092814
2021092816
2021092818
2021092820
2021092822
2021092900
2021092902
2021092904
2021092906
2021092908
2021092910
2021092912
2021092914
2021092916
2021092918
2021092920
2021092922
2021093000
2021093002
2021093004
2021093006
2021093008
2021093010
2021093012
2021093014
2021093016
2021093018
2021093020
2021093022
2021100100
2021100102
2021100104
2021100106
2021100108
2021100110
2021100112
2021100114
2021100116
2021100118
2021100120
2021100122
2021100200
2021100202
2021100204
2021100206
2021100208
2021100210
2021100212
2021100214
2021100216
2021100218
2021100220
2021100222
2021100300
2021100302
2021100304
2021100306
2021100308
2021100310
2021100312
2021100314
2021100316
2021100318
2021100320
2021100322
2021100400
2021100402
2021100404
2021100406
2021100408
2021100410
2021100412
2021100414
2021100416
2021100418
2021100420
2021100422
2021100500
2021100502
2021100504
2021100506
2021100508
2021100510
2021100512
2021100514
2021100516
2021100518
2021100520
2021100522
2021100600
2021100602
2021100604
2021100606
2021100608
2021100610
2021100612
2021100614
2021100616
2021100618
2021100620
2021100622
2021100700
2021100702
2021100704
2021100706
2021100708
2021100710
2021100712
2021100714
2021100716
2021100718
2021100720
2021100722
2021100800
2021100802
2021100804
2021100806
2021100808
2021100810
2021100812
2021100814
2021100816
2021100818
2021100820
2021100822
2021100900
2021100902
2021100904
2021100906
2021100908
2021100910
2021100912
2021100914
2021100916
2021100918
2021100920
2021100922
2021101000
2021101002
2021101004
2021101006
2021101008
2021101010
2021101012
2021101014
2021101016
2021101018
2021101020
2021101022
2021101100
2021101102
2021101104
2021101106
2021101108
2021101110
2021101112
2021101114
2021101116
2021101118
2021101120
2021101122
2021101200
2021101202
2021101204
2021101206
2021101208
2021101210
2021101212
2021101214
2021101216
2021101218
2021101220
2021101222
2021101300
2021101302
2021101304
2021101306
2021101308
2021101310
2021101312
2021101314
2021101316
2021101318
2021101320
2021101322
2021101400
2021101402
2021101404
2021101406
2021101408
2021101410
2021101412
2021101414
2021101416
2021101418
2021101420
2021101422
2021101500
2021101502
2021101504
2021101506
2021101508
2021101510
2021101512
2021101514
2021101516
2021101518
2021101520
2021101522
2021101600
2021101602
2021101604
2021101606
2021101608
2021101610
2021101612
2021101614
2021101616
2021101618
2021101620
2021101622
2021101700
2021101702
2021101704
2021101706
2021101708
2021101710
2021101712
2021101714
2021101716
2021101718
2021101720
2021101722
2021101800
2021101802
2021101804
2021101806
2021101808
2021101810
2021101812
2021101814
2021101816
2021101818
2021101820
2021101822
2021101900
2021101902
2021101904
2021101906
2021101908
2021101910
2021101912
2021101914
2021101916
2021101918
2021101920
2021101922
2021102000
2021102002
2021102004
2021102006
2021102008
2021102010
2021102012
2021102014
2021102016
2021102018
2021102020
2021102022
2021102100
2021102102
2021102104
2021102106
2021102108
2021102110
2021102112
2021102114
2021102116
2021102118
2021102120
2021102122
2021102200
2021102202
2021102204
2021102206
2021102208
2021102210
2021102212
2021102214
2021102216
2021102218
2021102220
2021102222
2021102300
2021102302
2021102304
2021102306
2021102308
2021102310
2021102312
2021102314
2021102316
2021102318
2021102320
2021102322
2021102400
2021102402
2021102404
2021102406
2021102408
2021102410
2021102412
2021102414
2021102416
2021102418
2021102420
2021102422
2021102500
2021102502
2021102504
2021102506
2021102508
2021102510
2021102512
2021102514
2021102516
2021102518
2021102520
2021102522
2021102600
2021102602
2021102604
2021102606
2021102608
2021102610
2021102612
2021102614
2021102616
2021102618
2021102620
2021102622
2021102700
2021102702
2021102704
2021102706
2021102708
2021102710
2021102712
2021102714
2021102716
2021102718
2021102720
2021102722
2021102800
2021102802
2021102804
2021102806
2021102808
2021102810
2021102812
2021102814
2021102816
2021102818
2021102820
2021102822
2021102900
2021102902
2021102904
2021102906
2021102908
2021102910
2021102912
2021102914
2021102916
2021102918
2021102920
2021102922
2021103000
2021103002
2021103004
2021103006
2021103008
2021103010
2021103012
2021103014
2021103016
2021103018
2021103020
2021103022
2021103100
2021103102
2021103104
2021103106
2021103108
2021103110
2021103112
2021103114
2021103116
2021103118
2021103120
2021103122
