date time lat lon depth ML nstn dmin gap trms ERH ERZ fixed nph quality
2022-03-22 17:06:55.19 22.0250 121.3625 25.95 5.55 99 20.10 91 0.40 0.30 0.30 F 276 C
2022-03-22 17:41:38.85 23.3985 121.6118 25.73 6.70 99 18.80 45 0.44 0.60 0.50 F 263 A
2022-03-22 17:42:38.87 23.4397 121.4870 28.41 5.79 84 14.10 123 0.33 0.20 0.20 F 129 C
2022-03-22 17:43:25.40 23.4230 121.4277 22.63 6.21 99 11.50 116 0.40 0.10 0.20 F 224 C
2022-03-22 17:44:06.44 23.4142 121.4458 21.74 4.94 33 10.90 157 0.27 0.30 0.40 F 51 C
2022-03-22 17:44:35.24 23.4128 121.4373 19.84 4.74 24 10.80 149 0.33 0.40 0.60 F 35 C
2022-03-22 17:44:59.13 23.4610 121.4028 20.07 4.52 27 6.90 134 0.28 0.70 0.60 F 47 B
2022-03-22 17:45:26.89 23.4582 121.4392 20.87 4.42 46 10.40 153 0.31 0.60 0.50 F 76 C
2022-03-22 17:46:05.85 23.3808 121.4845 30.18 4.87 99 7.90 119 0.35 0.20 0.20 F 194 C
2022-03-22 17:46:36.23 23.3827 121.4500 32.56 4.33 32 7.30 166 0.41 0.50 0.40 F 63 C
2022-03-22 17:47:03.79 23.4328 121.5128 28.61 4.61 85 14.40 112 0.42 0.20 0.30 F 166 C
2022-03-22 17:47:37.83 23.3735 121.4663 31.56 4.36 38 6.50 187 0.32 0.30 0.30 F 74 D
2022-03-22 17:48:37.03 23.4395 121.4647 27.06 4.31 85 13.60 53 0.31 0.20 0.20 F 146 B
2022-03-22 17:49:03.56 23.4217 121.4935 26.67 4.26 62 12.50 120 0.38 0.70 0.40 F 112 B
2022-03-22 17:49:29.20 23.4457 121.4080 21.52 4.16 62 8.30 98 0.37 0.60 0.50 F 98 B
2022-03-22 17:50:37.02 23.4060 121.4442 23.25 4.10 99 10.00 114 0.39 0.50 0.30 F 161 B
2022-03-22 17:50:56.46 23.4070 121.4388 24.10 4.15 57 10.10 154 0.35 0.60 0.30 F 87 C
2022-03-22 17:51:39.71 23.4490 121.4605 22.94 4.29 99 12.80 110 0.27 0.10 0.10 F 253 B
2022-03-22 17:52:43.84 23.4237 121.4803 28.48 4.01 99 12.30 108 0.37 0.20 0.20 F 140 C
2022-03-22 17:52:58.39 23.3988 121.4325 22.68 4.50 99 9.30 94 0.34 0.10 0.10 F 247 C
2022-03-22 17:53:26.73 23.4570 121.4827 26.94 4.01 45 14.60 166 0.29 0.30 0.40 F 75 C
2022-03-22 17:54:04.26 23.4283 121.5070 30.14 4.29 99 13.60 61 0.34 0.20 0.20 F 258 B
2022-03-22 17:55:46.47 23.3783 121.4462 23.70 4.51 99 6.90 93 0.39 0.10 0.10 F 240 C
2022-03-22 17:58:47.64 23.4503 121.5068 24.88 4.16 99 15.90 75 0.26 0.10 0.10 F 233 B
2022-03-22 17:59:50.34 23.3413 121.4470 29.31 4.32 99 2.80 86 0.29 0.10 0.10 F 255 B
2022-03-22 18:00:53.85 23.4077 121.4363 23.42 4.36 99 10.20 79 0.25 0.10 0.10 F 270 B
2022-03-22 18:03:12.91 23.3617 121.4555 29.79 4.20 99 5.00 87 0.30 0.10 0.10 F 282 B
2022-03-22 18:03:48.83 23.3898 121.4402 23.69 4.71 99 8.20 59 0.29 0.10 0.10 F 283 B
2022-03-22 18:10:51.91 23.5003 121.4310 18.74 4.72 99 8.80 56 0.30 0.10 0.10 F 231 B
2022-03-22 18:11:34.48 23.4038 121.4490 23.35 5.08 99 9.70 95 0.28 0.10 0.10 F 282 B
2022-03-22 18:17:25.78 23.3743 121.4358 23.67 4.01 99 6.60 149 0.32 0.10 0.10 F 200 C
2022-03-22 18:19:04.25 23.4568 121.4900 27.23 4.22 99 15.30 104 0.32 0.10 0.20 F 182 C
2022-03-22 18:22:12.34 23.4852 121.4438 23.70 4.46 99 10.10 84 0.32 0.20 0.20 F 173 B
2022-03-22 18:22:23.40 23.4252 121.4962 26.10 4.25 25 12.90 158 0.40 0.40 0.80 F 37 C
2022-03-22 18:37:35.90 23.3682 121.4887 30.86 4.06 72 6.90 115 0.36 0.30 0.20 F 115 C
2022-03-22 18:37:50.77 23.4223 121.5225 35.71 5.51 99 13.80 36 0.32 0.10 0.10 F 315 B
2022-03-22 18:39:29.28 23.3823 121.4332 23.26 4.09 23 7.50 183 0.31 0.40 0.40 F 43 D
2022-03-22 18:40:55.11 23.4450 121.4512 25.15 4.46 99 12.10 95 0.32 0.10 0.10 F 252 C
2022-03-22 18:40:58.69 22.0425 121.3677 26.68 4.72 60 19.50 89 0.35 0.50 0.80 F 90 B
2022-03-22 18:42:41.95 23.3572 121.4802 31.59 4.00 92 5.40 158 0.29 0.20 0.20 F 158 C
2022-03-22 18:42:54.74 23.4093 121.4885 32.05 4.04 53 11.00 168 0.38 0.30 0.30 F 75 C
2022-03-22 19:14:56.89 23.4652 121.4965 27.54 4.78 99 15.80 32 0.32 0.10 0.10 F 304 B
2022-03-22 19:35:03.93 23.4812 121.5007 28.88 5.87 99 15.90 55 0.27 0.10 0.20 F 298 B
2022-03-22 19:36:49.94 23.4977 121.4873 24.51 4.60 77 14.50 163 0.28 0.20 0.20 F 136 C
2022-03-22 19:46:25.99 23.4942 121.4972 25.85 4.11 99 15.50 103 0.33 0.20 0.20 F 176 C
2022-03-22 20:29:59.12 23.4190 121.4300 22.57 6.04 99 11.60 42 0.29 0.10 0.10 F 317 B
2022-03-22 20:33:55.56 23.4505 121.4840 21.40 4.25 99 15.00 155 0.32 0.30 0.30 F 143 C
2022-03-22 20:40:00.25 23.4218 121.4120 19.99 4.14 99 10.50 66 0.33 0.10 0.10 F 243 B
2022-03-22 20:40:34.23 23.4292 121.4948 25.75 4.50 99 13.30 32 0.34 0.10 0.10 F 328 B
2022-03-22 20:49:40.99 23.4058 121.4062 21.82 4.08 99 10.90 40 0.31 0.10 0.10 F 330 B
2022-03-22 21:12:16.74 23.3600 121.4632 29.79 4.01 99 5.00 64 0.30 0.10 0.10 F 307 B
2022-03-22 21:27:47.09 23.4342 121.4855 27.23 4.12 99 13.50 57 0.33 0.10 0.10 F 336 B
2022-03-22 21:33:19.58 23.4718 121.4095 19.29 4.00 99 7.00 35 0.34 0.10 0.10 F 290 B
2022-03-22 21:41:08.12 23.3330 121.4178 19.32 5.03 99 3.90 46 0.24 0.10 0.10 F 285 B
2022-03-22 21:44:08.48 23.3303 121.4038 18.50 4.01 82 5.10 77 0.29 0.20 0.10 F 137 B
2022-03-22 22:21:24.32 23.4935 121.4768 23.94 4.27 99 13.40 33 0.31 0.20 0.20 F 304 B
2022-03-22 22:26:17.98 23.3743 121.4457 24.98 4.44 99 6.40 44 0.34 0.10 0.10 F 282 B
2022-03-22 22:43:24.72 23.4148 121.4618 25.59 4.64 99 11.00 58 0.36 0.10 0.10 F 222 B
2022-03-22 22:43:49.52 23.4258 121.4363 22.86 4.40 45 12.00 153 0.33 0.20 0.30 F 75 C
2022-03-22 23:08:37.29 23.3280 121.4095 19.49 4.28 99 4.40 36 0.35 0.10 0.10 F 211 B
2022-03-22 23:09:48.23 23.3260 121.4015 19.07 4.08 96 5.20 73 0.31 0.10 0.10 F 156 B
2022-03-23 00:05:02.34 23.4407 121.4880 28.29 4.43 99 14.30 32 0.30 0.10 0.10 F 339 B
2022-03-23 00:09:58.81 23.3447 121.4212 19.09 4.53 99 4.40 28 0.29 0.10 0.10 F 324 B
2022-03-23 00:10:26.55 23.3460 121.4112 20.65 4.21 48 5.30 111 0.36 0.70 0.60 F 74 B
2022-03-23 01:55:55.97 23.4458 121.4798 26.76 4.74 99 14.60 58 0.30 0.10 0.10 F 221 B
2022-03-23 02:10:01.35 23.4438 121.5018 30.76 4.19 99 15.00 34 0.30 0.10 0.10 F 288 B
2022-03-23 04:25:48.72 23.4520 121.4593 24.19 4.65 99 12.50 34 0.36 0.10 0.10 F 310 B
2022-03-23 04:26:09.29 23.4618 121.4632 23.60 4.07 15 12.60 171 0.28 0.50 0.90 F 30 C
2022-03-23 08:13:45.54 23.4233 121.4768 28.92 4.04 99 12.10 91 0.27 0.10 0.10 F 240 B
2022-03-23 09:18:59.79 23.3105 121.4017 18.46 4.53 99 5.10 79 0.25 0.10 0.10 F 251 B
2022-03-23 09:38:13.35 23.3538 121.4243 20.41 4.29 99 5.00 44 0.32 0.10 0.10 F 244 B
2022-03-23 09:38:47.51 23.3548 121.4217 18.47 4.16 78 5.20 47 0.32 0.10 0.10 F 147 B
2022-03-23 19:21:11.85 23.4325 121.4593 28.48 4.02 99 12.90 108 0.25 0.10 0.10 F 239 B
2022-03-23 20:24:20.75 23.4378 121.4773 28.54 4.07 99 13.70 59 0.28 0.20 0.20 F 261 B
2022-03-23 20:45:29.75 23.4518 121.4865 26.92 4.83 99 15.10 37 0.38 0.10 0.10 F 296 B
2022-03-24 00:38:13.74 23.4417 121.4615 25.63 4.48 99 13.20 81 0.24 0.20 0.20 F 148 B
2022-03-24 00:38:26.08 23.4442 121.4320 25.00 5.71 99 10.40 43 0.40 0.20 0.20 F 305 B
2022-03-24 01:35:10.92 23.4333 121.4460 24.80 4.35 99 12.30 84 0.23 0.10 0.10 F 304 B
2022-03-24 10:03:44.43 23.4398 121.4880 28.64 4.14 99 14.20 58 0.28 0.20 0.20 F 243 B
2022-03-24 10:44:52.33 23.3515 121.4247 19.57 4.18 99 4.70 56 0.26 0.10 0.10 F 254 B
